1000
-6178927.720851415 7862622.477296932
1451291.042430874 9894126.252992777
1443251.429548880 9895302.183920717
1435210.863858241 9896471.582148068
1427169.350667195 9897634.446902813
1419126.895284603 9898790.777417254
1411083.503019950 9899940.572927998
1403039.179183339 9901083.832675973
1394993.929085487 9902220.555906419
1386947.758037726 9903350.741868891
1378900.671351991 9904474.389817262
1370852.674340825 9905591.499009719
1362803.772317371 9906702.068708766
1354753.970595369 9907806.098181225
1346703.274489153 9908903.586698238
1338651.689313649 9909994.533535259
1330599.220384368 9911078.937972067
1322545.873017405 9912156.799292756
1314491.652529435 9913228.116785744
1306436.564237711 9914292.889743764
1298380.613460056 9915351.117463874
1290323.805514864 9916402.799247449
1282266.145721095 9917447.934400188
1274207.639398272 9918486.522232113
1266148.291866475 9919518.562057566
1258088.108446340 9920544.053195214
1250027.094459056 9921562.994968044
1241965.255226359 9922575.386703370
1233902.596070530 9923581.227732830
1225839.122314393 9924580.517392384
1217774.839281307 9925573.255022321
1209709.752295168 9926559.439967252
1201643.866680400 9927539.071576117
1193577.187761956 9928512.149202179
1185509.720865313 9929478.672203030
1177441.471316467 9930438.639940590
1169372.444441932 9931392.051781105
1161302.645568733 9932338.907095149
1153232.080024408 9933279.205257626
1145160.753136998 9934212.945647769
1137088.670235048 9935140.127649136
1129015.836647603 9936060.750649622
1120942.257704202 9936974.814041445
1112867.938734876 9937882.317221159
1104792.885070145 9938783.259589646
1096717.102041016 9939677.640552120
1088640.594978975 9940565.459518127
1080563.369215986 9941446.715901544
1072485.430084488 9942321.409120582
1064406.782917393 9943189.538597785
1056327.433048077 9944051.103760030
1048247.385810382 9944906.104038524
1040166.646538610 9945754.538868815
1032085.220567520 9946596.407690778
1024003.113232323 9947431.709948629
1015920.329868682 9948260.445090916
1007836.875812706 9949082.612570522
999752.756400944 9949898.211844668
991667.976970388 9950707.242374908
983582.542858463 9951509.703627137
975496.459403028 9952305.595071584
967409.731942369 9953094.916182814
959322.365815199 9953877.666439734
951234.366360651 9954653.845325585
943145.738918277 9955423.452327946
935056.488828043 9956186.486938739
926966.621430328 9956942.948654223
918876.142065916 9957692.836974991
910785.056075995 9958436.151405985
902693.368802157 9959172.891456479
894601.085586386 9959903.056640092
886508.211771063 9960626.646474782
878414.752698957 9961343.660482848
870320.713713226 9962054.098190930
862226.100157407 9962757.959130010
854130.917375419 9963455.242835410
846035.170711557 9964145.948846798
837938.865510486 9964830.076708183
829842.007117242 9965507.625967912
821744.600877225 9966178.596178684
813646.652136197 9966842.986897534
805548.166240278 9967500.797685843
797449.148535944 9968152.028109338
789349.604370019 9968796.677738085
781249.539089678 9969434.746146502
773148.958042438 9970066.232913345
765047.866576156 9970691.137621718
756946.270039028 9971309.459859071
748844.173779582 9971921.199217198
740741.583146677 9972526.355292242
732638.503489497 9973124.927684685
724534.940157549 9973716.915999366
716430.898500660 9974302.319845460
708326.383868973 9974881.138836497
700221.401612944 9975453.372590350
692115.957083334 9976019.020729242
684010.055631214 9976578.082879739
675903.702607953 9977130.558672762
667796.903365220 9977676.447743574
659689.663254978 9978215.749731788
651581.987629481 9978748.464281371
643473.881841272 9979274.591040630
635365.351243174 9979794.129662227
627256.401188296 9980307.079803171
619147.037030019 9980813.441124823
611037.264122001 9981313.213292893
602927.087818167 9981806.395977439
594816.513472710 9982292.988852870
586705.546440085 9982772.991597949
578594.192075007 9983246.403895782
570482.455732446 9983713.225433836
562370.342767626 9984173.455903919
554257.858536016 9984627.095002200
546145.008393333 9985074.142429192
538031.797695535 9985514.597889761
529918.231798818 9985948.461093128
521804.316059612 9986375.731752865
513690.055834578 9986796.409586893
505575.456480605 9987210.494317491
497460.523354806 9987617.985671286
489345.261814514 9988018.883379260
481229.677217278 9988413.187176747
473113.774920861 9988800.896803437
464997.560283237 9989182.012003368
456881.038662583 9989556.532524934
448764.215417283 9989924.458120888
440647.095905916 9990285.788548328
432529.685487259 9990640.523568712
424411.989520280 9990988.662947848
416294.013364137 9991330.206455905
408175.762378171 9991665.153867397
400057.241921905 9991993.504961202
391938.457355041 9992315.259520546
383819.414037454 9992630.417333012
375700.117329191 9992938.978190541
367580.572590466 9993240.941889426
359460.785181655 9993536.308230314
351340.760463297 9993825.077018213
343220.503796086 9994107.248062478
335100.020540870 9994382.821176829
326979.316058644 9994651.796179336
318858.395710553 9994914.172892427
310737.264857883 9995169.951142885
302615.928862057 9995419.130761849
294494.393084635 9995661.711584818
286372.662887310 9995897.693451641
278250.743631902 9996127.076206530
270128.640680356 9996349.859698048
262006.359394738 9996566.043779120
253883.905137233 9996775.628307022
245761.283270138 9996978.613143394
237638.499155862 9997174.998154227
229515.558156922 9997364.783209870
221392.465635937 9997547.968185032
213269.226955626 9997724.552958775
205145.847478807 9997894.537414525
197022.332568388 9998057.921440059
188898.687587366 9998214.704927513
180774.917898828 9998364.887773383
172651.028865939 9998508.469878521
164527.025851945 9998645.451148136
156402.914220167 9998775.831491794
148278.699333997 9998899.610823425
140154.386556895 9999016.789061306
132029.981252388 9999127.366128081
123905.488784060 9999231.341950750
115780.914515557 9999328.716460668
107656.263810576 9999419.489593551
99531.542032864 9999503.661289472
91406.754546219 9999581.231492864
83281.906714477 9999652.200152513
75157.003901518 9999716.567221571
67032.051471257 9999774.332657540
58907.054787640 9999825.496422287
50782.019214644 9999870.058482034
42656.950116273 9999908.018807363
34531.852856550 9999939.377373209
26406.732799519 9999964.134158874
18281.595309238 9999982.289148014
10156.445749776 9999993.842328642
2031.289485211 9999998.793693129
-6093.868120375 9999997.143238209
-14219.021702898 9999988.890964970
-22344.165898279 9999974.036878861
-30469.295342444 9999952.580989689
-38594.404671327 9999924.523311617
-46719.488520879 9999889.863863168
-54844.541527064 9999848.602667227
-62969.558325869 9999800.739751030
-71094.533553303 9999746.275146177
-79219.461845405 9999685.208888624
-87344.337838243 9999617.541018687
-95469.156167919 9999543.271581037
-103593.911470574 9999462.400624707
-111718.598382392 9999374.928203085
-119843.211539600 9999280.854373923
-127967.745578474 9999180.179199321
-136092.195135344 9999072.902745746
-144216.554846593 9998959.025084021
-152340.819348665 9998838.546289323
-160464.983278068 9998711.466441192
-168589.041271374 9998577.785623522
-176712.987965226 9998437.503924571
-184836.817996340 9998290.621436946
-192960.526001510 9998137.138257617
-201084.106617611 9997977.054487912
-209207.554481600 9997810.370233515
-217330.864230523 9997637.085604468
-225454.030501516 9997457.200715171
-233577.047931813 9997270.715684379
-241699.911158742 9997077.630635208
-249822.614819735 9996877.945695128
-257945.153552330 9996671.660995968
-266067.521994171 9996458.776673911
-274189.714783019 9996239.292869505
-282311.726556747 9996013.209727643
-290433.551953349 9995780.527397586
-298555.185610942 9995541.246032944
-306676.622167769 9995295.365791686
-314797.856262204 9995042.886836139
-322918.882532754 9994783.809332985
-331039.695618064 9994518.133453263
-339160.290156919 9994245.859372366
-347280.660788248 9993966.987270044
-355400.802151129 9993681.517330404
-363520.708884790 9993389.449741909
-371640.375628616 9993090.784697376
-379759.797022147 9992785.522393979
-387878.967705088 9992473.663033245
-395997.882317309 9992155.206821060
-404116.535498847 9991830.153967660
-412234.921889915 9991498.504687643
-420353.036130899 9991160.259199956
-428470.872862366 9990815.417727903
-436588.426725067 9990463.980499141
-444705.692359938 9990105.947745683
-452822.664408106 9989741.319703896
-460939.337510894 9989370.096614502
-469055.706309818 9988992.278722573
-477171.765446598 9988607.866277542
-485287.509563158 9988216.859533187
-493402.933301629 9987819.258747645
-501518.031304355 9987415.064183405
-509632.798213894 9987004.276107309
-517747.228673022 9986586.894790553
-525861.317324739 9986162.920508683
-533975.058812269 9985732.353541598
-542088.447779066 9985295.194173554
-550201.478868816 9984851.442693155
-558314.146725442 9984401.099393355
-566426.445993106 9983944.164571466
-574538.371316216 9983480.638529146
-582649.917339422 9983010.521572405
-590761.078707629 9982533.814011611
-598871.850065993 9982050.516161473
-606982.226059929 9981560.628341058
-615092.201335113 9981064.150873780
-623201.770537484 9980561.084087403
-631310.928313252 9980051.428314047
-639419.669308895 9979535.183890175
-647527.988171170 9979012.351156602
-655635.879547108 9978482.930458492
-663743.338084027 9977946.922145361
-671850.358429528 9977404.326571070
-679956.935231503 9976855.144093834
-688063.063138133 9976299.375076210
-696168.736797901 9975737.019885108
-704273.950859585 9975168.078891786
-712378.699972269 9974592.552471846
-720482.978785345 9974010.441005243
-728586.781948511 9973421.744876275
-736690.104111784 9972826.464473588
-744792.939925495 9972224.600190178
-752895.284040298 9971616.152423382
-760997.131107172 9971001.121574886
-769098.475777422 9970379.508050727
-777199.312702686 9969751.312261278
-785299.636534938 9969116.534621265
-793399.441926489 9968475.175549757
-801498.723529994 9967827.235470165
-809597.475998452 9967172.714810250
-817695.693985212 9966511.614002114
-825793.372143977 9965843.933482205
-833890.505128806 9965169.673691314
-841987.087594115 9964488.835074570
-850083.114194688 9963801.418081457
-858178.579585674 9963107.423165793
-866273.478422590 9962406.850785740
-874367.805361332 9961699.701403802
-882461.555058169 9960985.975486830
-890554.722169753 9960265.673506010
-898647.301353122 9959538.795936875
-906739.287265700 9958805.343259295
-914830.674565303 9958065.315957483
-922921.457910143 9957318.714519989
-931011.631958831 9956565.539439710
-939101.191370378 9955805.791213876
-947190.130804203 9955039.470344059
-955278.444920134 9954266.577336172
-963366.128378411 9953487.112700462
-971453.175839691 9952701.076951522
-979539.581965050 9951908.470608275
-987625.341415989 9951109.294193987
-995710.448854435 9950303.548236260
-1003794.898942745 9949491.233267032
-1011878.686343711 9948672.349822579
-1019961.805720561 9947846.898443514
-1028044.251736965 9947014.879674785
-1036126.019057038 9946176.294065675
-1044207.102345343 9945331.142169803
-1052287.496266893 9944479.424545126
-1060367.195487157 9943621.141753929
-1068446.194672064 9942756.294362836
-1076524.488488004 9941884.882942803
-1084602.071601831 9941006.908069123
-1092678.938680872 9940122.370321415
-1100755.084392923 9939231.270283639
-1108830.503406259 9938333.608544081
-1116905.190389632 9937429.385695362
-1124979.140012280 9936518.602334432
-1133052.346943927 9935601.259062577
-1141124.805854786 9934677.356485408
-1149196.511415565 9933746.895212868
-1157267.458297470 9932809.875859233
-1165337.641172205 9931866.299043106
-1173407.054711982 9930916.165387418
-1181475.693589519 9929959.475519432
-1189543.552478046 9928996.230070736
-1197610.626051306 9928026.429677250
-1205676.908983564 9927050.074979216
-1213742.395949604 9926067.166621204
-1221807.081624737 9925077.705252118
-1229870.960684802 9924081.691525178
-1237934.027806171 9923079.126097936
-1245996.277665753 9922070.009632269
-1254057.704940995 9921054.342794375
-1262118.304309887 9920032.126254780
-1270178.070450967 9919003.360688334
-1278236.998043322 9917968.046774209
-1286295.081766594 9916926.185195899
-1294352.316300979 9915877.776641224
-1302408.696327237 9914822.821802324
-1310464.216526691 9913761.321375661
-1318518.871581230 9912693.276062019
-1326572.656173317 9911618.686566502
-1334625.564985987 9910537.553598534
-1342677.592702855 9909449.877871862
-1350728.734008118 9908355.660104549
-1358778.983586555 9907254.901018975
-1366828.336123538 9906147.601341844
-1374876.786305029 9905033.761804175
-1382924.328817584 9903913.383141303
-1390970.958348363 9902786.466092886
-1399016.669585123 9901653.011402892
-1407061.457216232 9900513.019819606
-1415105.315930666 9899366.492095632
-1423148.240418013 9898213.428987885
-1431190.225368479 9897053.831257598
-1439231.265472890 9895887.699670319
-1447271.355422697 9894715.034995902
-1455310.489909976 9893535.838008521
-1463348.663627436 9892350.109486664
-1471385.871268418 9891157.850213122
-1479422.107526903 9889959.060975008
-1487457.367097512 9888753.742563738
-1495491.644675511 9887541.895775042
-1503524.934956814 9886323.521408962
-1511557.232637989 9885098.620269844
-1519588.532416255 9883867.193166347
-1527618.828989494 9882629.240911437
-1535648.117056248 9881384.764322387
-1543676.391315725 9880133.764220780
-1551703.646467803 9878876.241432501
-1559729.877213033 9877612.196787745
-1567755.078252641 9876341.631121011
-1575779.244288534 9875064.545271108
-1583802.370023302 9873780.940081138
-1591824.450160221 9872490.816398520
-1599845.479403259 9871194.175074967
-1607865.452457075 9869891.016966499
-1615884.364027029 9868581.342933439
-1623902.208819178 9867265.153840410
-1631918.981540286 9865942.450556334
-1639934.676897824 9864613.233954437
-1647949.289599973 9863277.504912246
-1655962.814355631 9861935.264311584
-1663975.245874412 9860586.513038572
-1671986.578866654 9859231.251983635
-1679996.808043418 9857869.482041489
-1688005.928116494 9856501.204111151
-1696013.933798407 9855126.419095933
-1704020.819802414 9853745.127903447
-1712026.580842513 9852357.331445592
-1720031.211633445 9850963.030638566
-1728034.706890697 9849562.226402866
-1736037.061330504 9848154.919663275
-1744038.269669857 9846741.111348869
-1752038.326626502 9845320.802393023
-1760037.226918943 9843893.993733399
-1768034.965266453 9842460.686311947
-1776031.536389066 9841020.881074915
-1784026.935007592 9839574.578972833
-1792021.155843612 9838121.780960526
-1800014.193619484 9836662.487997105
-1808006.043058348 9835196.701045968
-1815996.698884131 9833724.421074802
-1823986.155821543 9832245.649055578
-1831974.408596090 9830760.385964558
-1839961.451934071 9829268.632782282
-1847947.280562582 9827770.390493581
-1855931.889209525 9826265.660087569
-1863915.272603603 9824754.442557639
-1871897.425474330 9823236.738901470
-1879878.342552033 9821712.550121024
-1887858.018567854 9820181.877222542
-1895836.448253754 9818644.721216548
-1903813.626342516 9817101.083117845
-1911789.547567753 9815550.963945514
-1919764.206663903 9813994.364722915
-1927737.598366241 9812431.286477687
-1935709.717410876 9810861.730241748
-1943680.558534759 9809285.697051290
-1951650.116475683 9807703.187946782
-1959618.385972291 9806114.203972965
-1967585.361764073 9804518.746178864
-1975551.038591376 9802916.815617764
-1983515.411195402 9801308.413347237
-1991478.474318217 9799693.540429119
-1999440.222702749 9798072.197929518
-2007400.651092795 9796444.386918819
-2015359.754233024 9794810.108471669
-2023317.526868978 9793169.363666994
-2031273.963747079 9791522.153587982
-2039229.059614631 9789868.479322091
-2047182.809219822 9788208.341961047
-2055135.207311729 9786541.742600845
-2063086.248640324 9784868.682341741
-2071035.927956470 9783189.162288262
-2078984.240011933 9781503.183549194
-2086931.179559380 9779810.747237591
-2094876.741352385 9778111.854470771
-2102820.920145430 9776406.506370310
-2110763.710693911 9774694.704062048
-2118705.107754141 9772976.448676089
-2126645.106083352 9771251.741346793
-2134583.700439700 9769520.583212778
-2142520.885582269 9767782.975416929
-2150456.656271070 9766038.919106377
-2158391.007267050 9764288.415432520
-2166323.933332095 9762531.465551011
-2174255.429229029 9760768.070621753
-2182185.489721621 9758998.231808908
-2190114.109574587 9757221.950280895
-2198041.283553595 9755439.227210380
-2205967.006425267 9753650.063774286
-2213891.272957184 9751854.461153787
-2221814.077917888 9750052.420534307
-2229735.416076885 9748243.943105519
-2237655.282204649 9746429.030061351
-2245573.671072628 9744607.682599973
-2253490.577453244 9742779.901923805
-2261405.996119898 9740945.689239519
-2269319.921846972 9739105.045758026
-2277232.349409836 9737257.972694488
-2285143.273584845 9735404.471268307
-2293052.689149352 9733544.542703133
-2300960.590881701 9731678.188226856
-2308866.973561238 9729805.409071611
-2316771.831968312 9727926.206473771
-2324675.160884277 9726040.581673956
-2332576.955091497 9724148.535917018
-2340477.209373350 9722250.070452053
-2348375.918514231 9720345.186532391
-2356273.077299553 9718433.885415608
-2364168.680515754 9716516.168363504
-2372062.722950298 9714592.036642127
-2379955.199391682 9712661.491521750
-2387846.104629434 9710724.534276886
-2395735.433454120 9708781.166186279
-2403623.180657347 9706831.388532905
-2411509.341031766 9704875.202603975
-2419393.909371076 9702912.609690925
-2427276.880470027 9700943.611089423
-2435158.249124423 9698968.208099369
-2443038.010131125 9696986.402024886
-2450916.158288059 9694998.194174329
-2458792.688394211 9693003.585860277
-2466667.595249637 9691002.578399532
-2474540.873655468 9688995.173113124
-2482412.518413905 9686981.371326309
-2490282.524328229 9684961.174368558
-2498150.886202806 9682934.583573574
-2506017.598843083 9680901.600279272
-2513882.657055598 9678862.225827791
-2521746.055647982 9676816.461565489
-2529607.789428960 9674764.308842946
-2537467.853208356 9672705.769014955
-2545326.241797098 9670640.843440525
-2553182.950007219 9668569.533482883
-2561037.972651863 9666491.840509474
-2568891.304545282 9664407.765891951
-2576742.940502850 9662317.311006181
-2584592.875341057 9660220.477232248
-2592441.103877518 9658117.265954442
-2600287.620930973 9656007.678561267
-2608132.421321293 9653891.716445433
-2615975.499869481 9651769.381003859
-2623816.851397679 9649640.673637675
-2631656.470729166 9647505.595752215
-2639494.352688367 9645364.148757020
-2647330.492100853 9643216.334065832
-2655164.883793347 9641062.153096601
-2662997.522593723 9638901.607271479
-2670828.403331014 9636734.698016819
-2678657.520835414 9634561.426763175
-2686484.869938279 9632381.794945303
-2694310.445472135 9630195.804002156
-2702134.242270678 9628003.455376886
-2709956.255168777 9625804.750516843
-2717776.479002480 9623599.690873571
-2725594.908609016 9621388.277902810
-2733411.538826799 9619170.513064498
-2741226.364495429 9616946.397822760
-2749039.380455700 9614715.933645921
-2756850.581549597 9612479.122006489
-2764659.962620309 9610235.964381170
-2772467.518512220 9607986.462250855
-2780273.244070923 9605730.617100624
-2788077.134143218 9603468.430419749
-2795879.183577118 9601199.903701680
-2803679.387221850 9598925.038444061
-2811477.739927859 9596643.836148717
-2819274.236546814 9594356.298321653
-2827068.871931606 9592062.426473066
-2834861.640936359 9589762.222117325
-2842652.538416427 9587455.686772985
-2850441.559228397 9585142.821962779
-2858228.698230101 9582823.629213618
-2866013.950280607 9580498.110056592
-2873797.310240234 9578166.266026968
-2881578.772970545 9575828.098664187
-2889358.333334360 9573483.609511863
-2897135.986195753 9571132.800117787
-2904911.726420057 9568775.672033923
-2912685.548873869 9566412.226816401
-2920457.448425050 9564042.466025528
-2928227.419942732 9561666.391225776
-2935995.458297320 9559284.003985785
-2943761.558360494 9556895.305878369
-2951525.715005214 9554500.298480500
-2959287.923105725 9552098.983373320
-2967048.177537556 9549691.362142133
-2974806.473177526 9547277.436376408
-2982562.804903748 9544857.207669776
-2990317.167595632 9542430.677620029
-2998069.556133886 9539997.847829117
-3005819.965400524 9537558.719903149
-3013568.390278863 9535113.295452397
-3021314.825653534 9532661.576091284
-3029059.266410479 9530203.563438391
-3036801.707436957 9527739.259116456
-3044542.143621549 9525268.664752366
-3052280.569854157 9522791.781977164
-3060016.981026011 9520308.612426041
-3067751.372029672 9517819.157738345
-3075483.737759034 9515323.419557568
-3083214.073109329 9512821.399531350
-3090942.372977127 9510313.099311480
-3098668.632260344 9507798.520553894
-3106392.845858243 9505277.664918670
-3114115.008671437 9502750.534070034
-3121835.115601893 9500217.129676348
-3129553.161552934 9497677.453410124
-3137269.141429246 9495131.506948011
-3144983.050136879 9492579.291970793
-3152694.882583246 9490020.810163401
-3160404.633677136 9487456.063214896
-3168112.298328710 9484885.052818477
-3175817.871449505 9482307.780671483
-3183521.347952442 9479724.248475378
-3191222.722751824 9477134.457935765
-3198921.990763340 9474538.410762379
-3206619.146904073 9471936.108669082
-3214314.186092500 9469327.553373868
-3222007.103248492 9466712.746598857
-3229697.893293325 9464091.690070298
-3237386.551149678 9461464.385518564
-3245073.071741636 9458830.834678158
-3252757.449994698 9456191.039287699
-3260439.680835774 9453545.001089936
-3268119.759193194 9450892.721831733
-3275797.679996709 9448234.203264078
-3283473.438177492 9445569.447142078
-3291147.028668148 9442898.455224954
-3298818.446402708 9440221.229276050
-3306487.686316641 9437537.771062823
-3314154.743346853 9434848.082356840
-3321819.612431691 9432152.164933790
-3329482.288510945 9429450.020573465
-3337142.766525855 9426741.651059775
-3344801.041419111 9424027.058180735
-3352457.108134857 9421306.243728472
-3360110.961618696 9418579.209499216
-3367762.596817692 9415845.957293309
-3375412.008680372 9413106.488915194
-3383059.192156733 9410360.806173418
-3390704.142198241 9407608.910880633
-3398346.853757838 9404850.804853588
-3405987.321789943 9402086.489913139
-3413625.541250456 9399315.967884233
-3421261.507096762 9396539.240595922
-3428895.214287734 9393756.309881350
-3436526.657783735 9390967.177577758
-3444155.832546624 9388171.845526479
-3451782.733539758 9385370.315572945
-3459407.355727992 9382562.589566672
-3467029.694077688 9379748.669361273
-3474649.743556716 9376928.556814445
-3482267.499134456 9374102.253787979
-3489882.955781803 9371269.762147745
-3497496.108471169 9368431.083763707
-3505106.952176488 9365586.220509907
-3512715.481873217 9362735.174264474
-3520321.692538342 9359877.946909618
-3527925.579150379 9357014.540331626
-3535527.136689380 9354144.956420870
-3543126.360136932 9351269.197071796
-3550723.244476166 9348387.264182933
-3558317.784691753 9345499.159656877
-3565909.975769917 9342604.885400303
-3573499.812698428 9339704.443323959
-3581087.290466612 9336797.835342666
-3588672.404065354 9333885.063375315
-3596255.148487097 9330966.129344862
-3603835.518725851 9328041.035178339
-3611413.509777190 9325109.782806838
-3618989.116638261 9322172.374165520
-3626562.334307787 9319228.811193610
-3634133.157786062 9316279.095834393
-3641701.582074967 9313323.230035221
-3649267.602177965 9310361.215747502
-3656831.213100103 9307393.054926703
-3664392.409848022 9304418.749532353
-3671951.187429957 9301438.301528035
-3679507.540855738 9298451.712881384
-3687061.465136796 9295458.985564096
-3694612.955286167 9292460.121551914
-3702162.006318492 9289455.122824633
-3709708.613250025 9286443.991366101
-3717252.771098629 9283426.729164213
-3724794.474883789 9280403.338210911
-3732333.719626606 9277373.820502181
-3739870.500349808 9274338.178038057
-3747404.812077746 9271296.412822619
-3754936.649836404 9268248.526863981
-3762466.008653399 9265194.522174306
-3769992.883557981 9262134.400769791
-3777517.269581045 9259068.164670674
-3785039.161755126 9255995.815901229
-3792558.555114405 9252917.356489765
-3800075.444694716 9249832.788468625
-3807589.825533540 9246742.113874186
-3815101.692670022 9243645.334746856
-3822611.041144959 9240542.453131074
-3830117.866000816 9237433.471075306
-3837622.162281721 9234318.390632043
-3845123.925033474 9231197.213857809
-3852623.149303546 9228069.942813147
-3860119.830141082 9224936.579562625
-3867613.962596911 9221797.126174834
-3875105.541723538 9218651.584722385
-3882594.562575161 9215499.957281906
-3890081.020207659 9212342.245934045
-3897564.909678611 9209178.452763468
-3905046.226047286 9206008.579858854
-3912524.964374654 9202832.629312897
-3920001.119723385 9199650.603222299
-3927474.687157857 9196462.503687778
-3934945.661744155 9193268.332814062
-3942414.038550076 9190068.092709884
-3949879.812645131 9186861.785487983
-3957342.979100551 9183649.413265109
-3964803.532989288 9180430.978162009
-3972261.469386017 9177206.482303439
-3979716.783367144 9173975.927818149
-3987169.470010804 9170739.316838898
-3994619.524396868 9167496.651502434
-4002066.941606943 9164247.933949510
-4009511.716724379 9160993.166324867
-4016953.844834269 9157732.350777248
-4024393.321023454 9154465.489459382
-4031830.140380525 9151192.584527995
-4039264.297995828 9147913.638143796
-4046695.788961465 9144628.652471490
-4054124.608371300 9141337.629679764
-4061550.751320960 9138040.571941292
-4068974.212907840 9134737.481432732
-4076394.988231102 9131428.360334726
-4083813.072391685 9128113.210831895
-4091228.460492303 9124792.035112843
-4098641.147637449 9121464.835370149
-4106051.128933402 9118131.613800369
-4113458.399488224 9114792.372604040
-4120862.954411770 9111447.113985665
-4128264.788815684 9108095.840153726
-4135663.897813409 9104738.553320672
-4143060.276520186 9101375.255702926
-4150453.920053058 9098005.949520873
-4157844.823530877 9094630.636998871
-4165232.982074299 9091249.320365241
-4172618.390805795 9087862.001852265
-4180001.044849652 9084468.683696192
-4187380.939331973 9081069.368137229
-4194758.069380686 9077664.057419542
-4202132.430125541 9074252.753791258
-4209504.016698118 9070835.459504455
-4216872.824231829 9067412.176815173
-4224238.847861918 9063982.907983400
-4231602.082725470 9060547.655273078
-4238962.523961409 9057106.420952098
-4246320.166710505 9053659.207292302
-4253675.006115374 9050206.016569478
-4261027.037320483 9046746.851063360
-4268376.255472153 9043281.713057628
-4275722.655718563 9039810.604839904
-4283066.233209752 9036333.528701751
-4290406.983097621 9032850.486938670
-4297744.900535939 9029361.481850106
-4305079.980680346 9025866.515739433
-4312412.218688353 9022365.590913970
-4319741.609719348 9018858.709684962
-4327068.148934600 9015345.874367589
-4334391.831497259 9011827.087280961
-4341712.652572360 9008302.350748118
-4349030.607326831 9004771.667096030
-4356345.690929488 9001235.038655588
-4363657.898551046 8997692.467761613
-4370967.225364116 8994143.956752844
-4378273.666543212 8990589.507971948
-4385577.217264752 8987029.123765504
-4392877.872707064 8983462.806484016
-4400175.628050387 8979890.558481900
-4407470.478476874 8976312.382117495
-4414762.419170595 8972728.279753042
-4422051.445317542 8969138.253754707
-4429337.552105632 8965542.306492558
-4436620.734724707 8961940.440340575
-4443900.988366541 8958332.657676643
-4451178.308224844 8954718.960882559
-4458452.689495256 8951099.352344019
-4465724.127375365 8947473.834450623
-4472992.617064696 8943842.409595873
-4480258.153764724 8940205.080177171
-4487520.732678872 8936561.848595817
-4494780.349012516 8932912.717257004
-4502036.997972988 8929257.688569827
-4509290.674769578 8925596.764947267
-4516541.374613540 8921929.948806202
-4523789.092718092 8918257.242567396
-4531033.824298420 8914578.648655506
-4538275.564571684 8910894.169499073
-4545514.308757016 8907203.807530522
-4552750.052075529 8903507.565186165
-4559982.789750312 8899805.444906196
-4567212.517006446 8896097.449134685
-4574439.229070991 8892383.580319587
-4581662.921173004 8888663.840912730
-4588883.588543533 8884938.233369820
-4596101.226415623 8881206.760150436
-4603315.830024320 8877469.423718030
-4610527.394606670 8873726.226539921
-4617735.915401730 8869977.171087304
-4624941.387650563 8866222.259835238
-4632143.806596247 8862461.495262647
-4639343.167483875 8858694.879852319
-4646539.465560555 8854922.416090908
-4653732.696075425 8851144.106468923
-4660922.854279639 8847359.953480741
-4668109.935426387 8843569.959624588
-4675293.934770886 8839774.127402553
-4682474.847570389 8835972.459320573
-4689652.669084186 8832164.957888443
-4696827.394573609 8828351.625619806
-4703999.019302034 8824532.465032157
-4711167.538534882 8820707.478646833
-4718332.947539625 8816876.668989027
-4725495.241585790 8813040.038587766
-4732654.415944959 8809197.589975927
-4739810.465890774 8805349.325690225
-4746963.386698938 8801495.248271214
-4754113.173647224 8797635.360263286
-4761259.822015468 8793769.664214673
-4768403.327085584 8789898.162677433
-4775543.684141558 8786020.858207468
-4782680.888469452 8782137.753364500
-4789814.935357415 8778248.850712085
-4796945.820095677 8774354.152817609
-4804073.537976555 8770453.662252279
-4811198.084294458 8766547.381591132
-4818319.454345889 8762635.313413022
-4825437.643429449 8758717.460300626
-4832552.646845834 8754793.824840441
-4839664.459897851 8750864.409622779
-4846773.077890405 8746929.217241773
-4853878.496130517 8742988.250295362
-4860980.709927315 8739041.511385303
-4868079.714592048 8735089.003117165
-4875175.505438078 8731130.728100317
-4882268.077780894 8727166.688947946
-4889357.426938106 8723196.888277037
-4896443.548229453 8719221.328708382
-4903526.436976806 8715240.012866573
-4910606.088504168 8711252.943380006
-4917682.498137681 8707260.122880867
-4924755.661205626 8703261.554005150
-4931825.573038430 8699257.239392634
-4938892.228968661 8695247.181686899
-4945955.624331043 8691231.383535311
-4953015.754462447 8687209.847589029
-4960072.614701903 8683182.576502997
-4967126.200390600 8679149.572935948
-4974176.506871885 8675110.839550398
-4981223.529491274 8671066.379012646
-4988267.263596449 8667016.193992775
-4995307.704537263 8662960.287164640
-5002344.847665745 8658898.661205880
-5009378.688336099 8654831.318797907
-5016409.221904708 8650758.262625907
-5023436.443730142 8646679.495378839
-5030460.349173155 8642595.019749433
-5037480.933596691 8638504.838434184
-5044498.192365887 8634408.954133358
-5051512.120848074 8630307.369550982
-5058522.714412782 8626200.087394852
-5065529.968431745 8622087.110376518
-5072533.878278898 8617968.441211294
-5079534.439330387 8613844.082618255
-5086531.646964567 8609714.037320225
-5093525.496562007 8605578.308043787
-5100515.983505494 8601436.897519274
-5107503.103180034 8597289.808480771
-5114486.850972855 8593137.043666111
-5121467.222273414 8588978.605816878
-5128444.212473394 8584814.497678393
-5135417.816966713 8580644.721999731
-5142388.031149521 8576469.281533698
-5149354.850420210 8572288.179036846
-5156318.270179409 8568101.417269466
-5163278.285829995 8563908.998995580
-5170234.892777089 8559710.926982949
-5177188.086428067 8555507.204003062
-5184137.862192553 8551297.832831144
-5191084.215482431 8547082.816246146
-5198027.141711842 8542862.157030746
-5204966.636297194 8538635.857971346
-5211902.694657156 8534403.921858074
-5218835.312212666 8530166.351484777
-5225764.484386936 8525923.149649024
-5232690.206605449 8521674.319152100
-5239612.474295970 8517419.862799007
-5246531.282888542 8513159.783398461
-5253446.627815491 8508894.083762886
-5260358.504511430 8504622.766708424
-5267266.908413264 8500345.835054923
-5274171.834960189 8496063.291625932
-5281073.279593695 8491775.139248712
-5287971.237757574 8487481.380754225
-5294865.704897916 8483182.018977130
-5301756.676463120 8478877.056755790
-5308644.147903889 8474566.496932264
-5315528.114673239 8470250.342352306
-5322408.572226498 8465928.595865363
-5329285.516021313 8461601.260324575
-5336158.941517648 8457268.338586772
-5343028.844177793 8452929.833512468
-5349895.219466359 8448585.747965869
-5356758.062850290 8444236.084814861
-5363617.369798861 8439880.846931012
-5370473.135783679 8435520.037189575
-5377325.356278692 8431153.658469476
-5384174.026760187 8426781.713653320
-5391019.142706794 8422404.205627387
-5397860.699599491 8418021.137281628
-5404698.692921606 8413632.511509668
-5411533.118158818 8409238.331208795
-5418363.970799163 8404838.599279972
-5425191.246333033 8400433.318627821
-5432014.940253186 8396022.492160629
-5438835.048054740 8391606.122790344
-5445651.565235183 8387184.213432575
-5452464.487294373 8382756.767006585
-5459273.809734542 8378323.786435298
-5466079.528060297 8373885.274645284
-5472881.637778626 8369441.234566770
-5479680.134398897 8364991.669133633
-5486475.013432865 8360536.581283395
-5493266.270394675 8356075.973957225
-5500053.900800859 8351609.850099935
-5506837.900170346 8347138.212659980
-5513618.264024463 8342661.064589456
-5520394.987886934 8338178.408844094
-5527168.067283887 8333690.248383263
-5533937.497743860 8329196.586169966
-5540703.274797793 8324697.425170840
-5547465.393979045 8320192.768356146
-5554223.850823385 8315682.618699782
-5560978.640869000 8311166.979179264
-5567729.759656501 8306645.852775738
-5574477.202728920 8302119.242473969
-5581220.965631716 8297587.151262346
-5587961.043912779 8293049.582132872
-5594697.433122430 8288506.538081170
-5601430.128813425 8283958.022106474
-5608159.126540961 8279404.037211635
-5614884.421862674 8274844.586403111
-5621606.010338644 8270279.672690968
-5628323.887531402 8265709.299088881
-5635038.049005922 8261133.468614130
-5641748.490329639 8256552.184287594
-5648455.207072439 8251965.449133756
-5655158.194806667 8247373.266180693
-5661857.449107133 8242775.638460086
-5668552.965551108 8238172.569007203
-5675244.739718334 8233564.060860910
-5681932.767191021 8228950.117063658
-5688617.043553853 8224330.740661493
-5695297.564393993 8219705.934704042
-5701974.325301079 8215075.702244520
-5708647.321867236 8210440.046339723
-5715316.549687069 8205798.970050029
-5721982.004357674 8201152.476439389
-5728643.681478640 8196500.568575339
-5735301.576652045 8191843.249528983
-5741955.685482468 8187180.522374999
-5748606.003576986 8182512.390191636
-5755252.526545176 8177838.856060712
-5761895.249999126 8173159.923067608
-5768534.169553428 8168475.594301273
-5775169.280825187 8163785.872854217
-5781800.579434022 8159090.761822509
-5788428.061002069 8154390.264305776
-5795051.721153984 8149684.383407203
-5801671.555516944 8144973.122233529
-5808287.559720656 8140256.483895042
-5814899.729397350 8135534.471505583
-5821508.060181793 8130807.088182539
-5828112.547711283 8126074.337046844
-5834713.187625655 8121336.221222974
-5841309.975567287 8116592.743838950
-5847902.907181097 8111843.908026329
-5854491.978114551 8107089.716920208
-5861077.184017661 8102330.173659218
-5867658.520542995 8097565.281385522
-5874235.983345672 8092795.043244819
-5880809.568083367 8088019.462386333
-5887379.270416321 8083238.541962818
-5893945.086007333 8078452.285130550
-5900507.010521770 8073660.695049331
-5907065.039627568 8068863.774882481
-5913619.168995232 8064061.527796842
-5920169.394297845 8059253.956962771
-5926715.711211067 8054441.065554139
-5933258.115413135 8049622.856748331
-5939796.602584873 8044799.333726242
-5946331.168409689 8039970.499672275
-5952861.808573580 8035136.357774340
-5959388.518765136 8030296.911223848
-5965911.294675537 8025452.163215718
-5972430.131998568 8020602.116948363
-5978945.026430606 8015746.775623699
-5985455.973670637 8010886.142447132
-5991962.969420251 8006020.220627566
-5998466.009383644 8001149.013377395
-6004965.089267627 7996272.523912503
-6011460.204781626 7991390.755452260
-6017951.351637681 7986503.711219522
-6024438.525550454 7981611.394440629
-6030921.722237229 7976713.808345398
-6037400.937417916 7971810.956167128
-6043876.166815055 7966902.841142596
-6050347.406153814 7961989.466512049
-6056814.651161999 7957070.835519209
-6063277.897570048 7952146.951411269
-6069737.141111046 7947217.817438887
-6076192.377520715 7942283.436856190
-6082643.602537422 7937343.812920766
-6089090.811902188 7932398.948893667
-6095534.001358678 7927448.848039404
-6101973.166653215 7922493.513625942
-6108408.303534779 7917532.948924706
-6114839.407755007 7912567.157210572
-6121266.475068200 7907596.141761865
-6127689.501231325 7902619.905860360
-6134108.482004014 7897638.452791278
-6140523.413148572 7892651.785843287
-6146934.290429976 7887659.908308492
-6153341.109615881 7882662.823482444
-6159743.866476620 7877660.534664125
-6166142.556785207 7872653.045155959
-6172537.176317343 7867640.358263799
