1000
-9999997.742499582 -5012.029283274
-9999993.187925845 -10778.625337556
-9999914.369705515 -41140.833880651
-9999801.990642671 -62768.928367921
-9999768.338791011 -67919.562868878
-9999764.553645110 -68475.109423495
-9999697.772430219 -77615.441217596
-9999694.400139529 -78048.894612066
-9999649.479656160 -83607.257569326
-9999644.526348658 -84197.503887331
-9999380.304463712 -111236.197832626
-9999289.301216906 -119135.690203990
-9999268.175193291 -120895.470171488
-9998213.264459638 -188973.631196272
-9996970.874724641 -246074.451325648
-9996887.952119090 -249420.969912938
-9996485.492909066 -265060.514479741
-9996472.153780054 -265563.726398103
-9996253.043899100 -273686.237319571
-9994931.570516612 -318311.843706225
-9993440.441501375 -362115.877609296
-9993079.827366801 -371934.519037990
-9992137.258537024 -396450.338970451
-9990411.016032895 -437797.998704883
-9990054.672544757 -445855.291562056
-9990027.983819325 -446453.150167279
-9989787.680320237 -451798.441200550
-9989539.745439982 -457247.375156533
-9988971.908796005 -469488.493282584
-9988780.567504684 -473542.396800219
-9987802.014332214 -493751.063764830
-9985259.578606172 -542743.755512094
-9982725.818411982 -587507.472866395
-9982317.363142712 -594406.981915020
-9979437.639243199 -640940.004788045
-9978767.488718165 -651290.042973826
-9978619.261289846 -653557.259189666
-9978512.007634835 -655192.756937389
-9977920.453448618 -664140.633135936
-9977084.457158828 -676583.040569452
-9976688.501009308 -682397.475517641
-9976565.233170906 -684196.657198298
-9975451.669664310 -700244.981119567
-9971800.719641764 -750446.399511945
-9971302.627935743 -757035.797445137
-9971210.655664660 -758246.333492536
-9970197.800734954 -771450.027309455
-9970041.043431392 -773472.991406841
-9969470.233745124 -780796.217293900
-9965725.966730943 -827215.427095189
-9961980.464678720 -871162.997737216
-9961622.284547359 -875249.057339871
-9959990.087746024 -893631.164486046
-9959141.702012036 -903037.020289028
-9956522.223788831 -931474.288365477
-9951575.657623217 -982914.891890576
-9950168.516161304 -997058.634827508
-9949576.183966117 -1002952.222904247
-9948997.009381266 -1008681.289933463
-9946532.706539216 -1032698.708863992
-9946400.089915229 -1033975.040537377
-9942381.338447647 -1071929.320089861
-9939860.314494532 -1095060.155332020
-9938335.088352302 -1108816.778658437
-9937906.484859334 -1112651.872805360
-9933233.832634736 -1153622.448644265
-9932711.561103262 -1158110.523093041
-9932446.175882228 -1160384.677825897
-9931955.194378216 -1164579.413082942
-9931352.954204764 -1169704.121047349
-9931196.661477391 -1171030.504895543
-9928690.265038984 -1192094.087260108
-9927344.182783736 -1203252.408383702
-9927289.955744853 -1203699.772167515
-9923343.232759064 -1235814.529623178
-9918371.995417157 -1275098.355365805
-9917766.022264963 -1279803.177438093
-9915383.963558001 -1298129.702686407
-9914592.945878824 -1304157.011265044
-9913112.941013087 -1315359.775578474
-9912588.582167311 -1319305.619825011
-9908821.399858274 -1347307.312600330
-9907726.860541673 -1355333.008465575
-9907069.845624581 -1360127.317416212
-9904744.869031880 -1376956.324460775
-9900169.306359462 -1409477.632141864
-9899894.072536616 -1411409.430152498
-9895778.115724068 -1439984.101183490
-9895185.380000018 -1444051.645841611
-9889794.569238437 -1480521.086533704
-9885626.953145405 -1508097.671582697
-9882956.680125218 -1525498.541673765
-9880734.320544288 -1539827.516080095
-9880647.506758930 -1540384.495309657
-9876563.030774243 -1566359.371022822
-9876493.761670738 -1566796.020123759
-9876333.388644846 -1567806.681392331
-9873775.125246800 -1583838.216835216
-9872654.560801901 -1590808.146101872
-9871531.946513308 -1597759.968215675
-9862612.329383871 -1651925.362964826
-9861699.663839718 -1657365.031669589
-9859824.905839333 -1668481.686637568
-9857732.162983391 -1680802.022837427
-9853825.701757373 -1703554.640064721
-9853635.046554763 -1704656.893286305
-9853331.874148039 -1706408.667079996
-9847869.014181811 -1737657.783708930
-9847413.641374875 -1740236.815655135
-9843328.663773837 -1763195.761056780
-9824474.520846497 -1865389.893412889
-9823078.963832458 -1872724.915190997
-9820907.513031064 -1884079.150381839
-9815254.746775785 -1913309.533592280
-9811775.814104026 -1931070.821708204
-9810235.374477796 -1938881.505389584
-9809816.457608515 -1940999.840230852
-9805268.552802261 -1963845.202952687
-9805108.411681356 -1964644.460121606
-9797727.912899869 -2001126.244004382
-9791242.316193273 -2032622.233211885
-9788831.104177857 -2044202.562490434
-9778650.278887177 -2092361.674596708
-9776802.914489340 -2100977.015548009
-9775167.392272087 -2108573.280841022
-9774455.547321113 -2111870.690025378
-9771688.991672246 -2124634.784228364
-9770293.988840079 -2131040.765577306
-9761643.560621494 -2170321.191581725
-9759177.327353891 -2181384.167971236
-9757093.865916461 -2190684.562178965
-9752079.651396703 -2212898.921289897
-9751712.986955862 -2214514.128777805
-9743523.736973161 -2250271.923723701
-9736181.906123776 -2281828.273136407
-9730216.417326503 -2307134.048814024
-9729245.177721091 -2311226.461778086
-9724731.027019614 -2330147.157452721
-9722138.448580112 -2340940.555042292
-9718605.224130401 -2355566.130265509
-9717963.401090316 -2358212.589083896
-9715974.180664875 -2366394.840484460
-9712809.254670527 -2379351.789497224
-9710122.666419312 -2390292.110538671
-9708651.203820566 -2396261.867238759
-9706494.379280411 -2404983.588227633
-9705538.381990336 -2408838.791769016
-9704988.703763405 -2411052.330056075
-9704873.697343087 -2411515.219668553
-9701373.129153442 -2425559.523119021
-9700745.888816282 -2428066.577235578
-9694125.863216616 -2454364.018457010
-9690747.333342016 -2467669.985782101
-9688914.964677427 -2474854.707562779
-9667330.268795412 -2557871.085958907
-9664585.162260534 -2568223.572840826
-9660400.876017289 -2583918.374145879
-9651563.280506695 -2616735.572517641
-9647311.572007731 -2632367.307203148
-9646482.428714149 -2635404.361315257
-9642186.685736015 -2651077.987299449
-9622033.359830620 -2723316.600776757
-9620295.512486035 -2729449.297550005
-9617136.170760021 -2740560.145165461
-9610141.522193899 -2764988.101324610
-9600468.000239728 -2798391.170400124
-9585112.463985765 -2850543.521751366
-9583003.642726514 -2857624.991436535
-9573374.135856641 -2889720.752673700
-9572009.789760407 -2894237.118671237
-9569418.184532367 -2902794.324496507
-9566669.999929132 -2911838.676600893
-9554517.308954524 -2951470.506351046
-9553948.939004740 -2953309.786110279
-9552421.174926642 -2958247.518426495
-9547551.890583528 -2973925.332312174
-9526033.133735143 -3042149.064702549
-9524047.221032239 -3048360.787403050
-9519035.333345667 -3063975.352833053
-9511087.952358615 -3088557.100291191
-9510273.401609994 -3091064.344789527
-9504555.509913648 -3108601.658492999
-9501712.814222680 -3117279.792487571
-9495198.703669872 -3137065.601845430
-9493913.768310796 -3140952.117017990
-9489669.455239667 -3153752.055143968
-9481994.491483791 -3176752.879045970
-9472164.000694318 -3205945.828215879
-9471009.600491717 -3209354.419383543
-9464342.908834560 -3228961.435151987
-9463667.900148667 -3230939.403707815
-9454419.481118595 -3257902.819436220
-9453537.609583698 -3260460.904354361
-9450573.231450206 -3269043.306686261
-9444900.438875342 -3285397.098221848
-9440793.188367905 -3297181.017796479
-9439165.062877117 -3301839.277970283
-9428848.289214637 -3331185.768030270
-9427718.160860002 -3334382.825436928
-9424828.763315231 -3342541.157646432
-9423381.462569583 -3346619.212135097
-9422243.187814686 -3349822.551719060
-9419710.226349993 -3356938.648359065
-9417084.386011757 -3364298.049617313
-9398349.811066560 -3416284.494597930
-9391513.897878468 -3435031.980732354
-9384736.553194322 -3453505.246545016
-9369294.823422469 -3495181.530895937
-9364466.445075508 -3508097.418038291
-9363933.938698711 -3509518.557866407
-9363047.991240488 -3511881.317631241
-9354084.982903985 -3535685.590527739
-9347624.270615889 -3552731.296562423
-9343118.417982036 -3564563.900288423
-9309890.323848022 -3650468.624052979
-9308477.708233422 -3654069.105050191
-9302415.500893150 -3669474.694651830
-9302011.285708049 -3670499.259778318
-9286854.367710577 -3708681.105810901
-9284024.595647437 -3715759.161156151
-9265223.883093420 -3762393.487448495
-9260809.483833689 -3773246.251732673
-9249936.897982873 -3799821.889469804
-9222577.959434658 -3865751.523472293
-9210842.429492023 -3893630.902568414
-9204285.489075426 -3909105.843063410
-9182227.560095295 -3960640.789568146
-9181588.592490183 -3962121.854812696
-9162551.324668482 -4005949.618592193
-9150391.954488395 -4033646.743959801
-9142479.269655177 -4051549.218126679
-9139595.848773211 -4058049.672217287
-9135318.390010405 -4067669.684471938
-9129630.104017103 -4080420.709094502
-9124577.027420217 -4091707.810356624
-9118175.233282823 -4105954.040730018
-9112833.473968102 -4117796.117998024
-9105742.264485391 -4133453.399017124
-9100868.006989002 -4144174.277375959
-9098498.154658467 -4149374.711676490
-9087179.846651467 -4174103.632303339
-9086864.900770133 -4174789.181817952
-9065125.348443441 -4221786.527043859
-9059288.015295763 -4234298.036277401
-9054556.448990468 -4244406.508811365
-9054228.796707558 -4245105.392864680
-9050706.198959121 -4252610.471617869
-9045639.962681947 -4263376.282126516
-9038276.284566494 -4278964.791198432
-9028042.157861592 -4300515.517195510
-9023266.573324332 -4310526.569339035
-9013535.630804215 -4330837.548862504
-9012419.784338443 -4333159.060291189
-9010476.102384407 -4337199.314222519
-9003626.902421921 -4351399.906021019
-8995407.045976458 -4368367.008609899
-8920561.221231259 -4519243.867881214
-8916611.238082407 -4527032.418347502
-8910537.731057409 -4538975.198702081
-8906523.148475798 -4546847.786514323
-8903113.768812612 -4553519.923216082
-8902434.494726501 -4554847.788920962
-8901845.867316255 -4555998.253214332
-8897547.107054394 -4564387.731924815
-8882731.976922696 -4593152.641346917
-8862081.334986726 -4632870.941610287
-8857750.421395509 -4641145.968092474
-8846972.076987734 -4661658.944862302
-8844164.862818561 -4666982.596394372
-8838378.532215487 -4677931.639478597
-8822404.286120180 -4707988.972630455
-8817581.973235372 -4717014.632221107
-8763797.776793789 -4816204.676824765
-8754777.416012306 -4832582.254304647
-8750516.088298047 -4840294.191115443
-8750041.696384460 -4841151.613299791
-8740073.115605040 -4859125.473510194
-8718186.570869194 -4898285.665154133
-8717443.074466337 -4899608.626766467
-8716444.343756581 -4901385.126383964
-8710393.426487913 -4912130.481254646
-8701129.718250247 -4928521.184667712
-8698752.289704522 -4932715.902048801
-8686473.951773530 -4954306.081968827
-8679500.748706037 -4966512.399511410
-8676346.263882892 -4972021.149996907
-8673114.894944988 -4977655.773131611
-8670424.279367542 -4982340.840909959
-8667173.214416405 -4987994.321014053
-8645140.705021422 -5026083.990840858
-8630287.937857844 -5051545.283296121
-8604018.945689084 -5096159.067680452
-8598728.495190112 -5105080.347493597
-8588186.812712815 -5122794.766106614
-8578348.344699830 -5139252.628450599
-8572325.785359178 -5149292.201269785
-8567543.946519407 -5157244.401065906
-8562763.605736420 -5165177.427348564
-8529100.819741501 -5220576.449750033
-8525485.912804568 -5226477.607464806
-8519265.814636491 -5236610.475973545
-8518807.090855198 -5237356.662983352
-8516067.152233740 -5241810.695337145
-8513247.512540054 -5246388.855923840
-8512173.446149196 -5248131.088711322
-8511231.265601955 -5249659.121397409
-8504039.283428863 -5261301.606304073
-8450413.436227188 -5347007.685109492
-8442539.944161024 -5359430.674687763
-8439945.483797424 -5363515.602962487
-8417756.564714685 -5398273.184497930
-8414613.867114218 -5403170.636667694
-8393525.250733338 -5435872.770047906
-8392162.631148729 -5437976.124148851
-8387141.264537263 -5445717.604419098
-8375248.614374021 -5463990.225739686
-8373371.704372982 -5466866.146795771
-8372537.211154199 -5468144.122361202
-8363596.653724564 -5481808.968459068
-8351405.893629363 -5500363.410879667
-8315916.755912721 -5553873.190296004
-8312847.389810184 -5558466.291858113
-8302730.055950251 -5573567.263974670
-8301250.683995916 -5575770.429872030
-8300791.327135674 -5576454.328088990
-8288730.252815784 -5594365.829602677
-8275681.352593015 -5613650.940540574
-8268342.734064280 -5624454.298232706
-8263886.834150583 -5630999.219749205
-8259763.040124767 -5637046.444718299
-8259528.423272102 -5637390.222598755
-8243754.110583114 -5660432.566309713
-8239947.835564833 -5665971.952172915
-8221053.569777166 -5693351.938470207
-8197645.418411532 -5727005.167786613
-8197342.437004698 -5727438.845082189
-8187241.811201524 -5741868.068783150
-8186818.466426970 -5742471.636395921
-8171336.058277767 -5764481.381538879
-8162608.323687825 -5776833.483302376
-8118608.933542849 -5838507.407917785
-8109601.842330167 -5851011.605277123
-8096536.111345098 -5869078.459980044
-8081367.056633991 -5889947.745867686
-8071261.971547695 -5903787.680764014
-8069807.703484172 -5905775.326026606
-8063985.586314690 -5913722.559522501
-8062816.106518174 -5915316.968434159
-8046508.404431271 -5937480.946161977
-8045365.254708856 -5939029.948845808
-8042289.368779217 -5943194.521758246
-8012325.324575715 -5983529.174135265
-8011520.936866410 -5984606.198458471
-7989179.596473806 -6014398.357469327
-7966213.912356791 -6044784.091604682
-7963602.542157837 -6048223.971791798
-7952048.768377394 -6063406.580411003
-7937507.722412950 -6082429.626059933
-7935655.889356099 -6084845.422063013
-7925952.179767717 -6097479.767860688
-7910417.232353064 -6117620.309166279
-7908761.687276752 -6119760.423616662
-7907482.478423322 -6121413.235623590
-7904588.339281850 -6125149.902971745
-7898911.954455009 -6132468.431080270
-7873995.129071776 -6164428.502870061
-7869909.118786421 -6169644.100606046
-7797862.471111239 -6260456.805274895
-7795196.022430685 -6263776.563100676
-7793615.042045888 -6265743.608575578
-7775793.470981501 -6287846.581846736
-7767033.935173986 -6298663.546885040
-7758303.182104425 -6309414.487434321
-7731823.537089667 -6341835.972955734
-7731691.503038192 -6341996.914328482
-7730217.394567848 -6343793.629487061
-7723661.019086321 -6351774.502434704
-7723121.139221005 -6352430.871455196
-7716318.592774526 -6360692.250642502
-7713018.980696413 -6364693.049845334
-7702609.770748907 -6377286.415642340
-7700789.928740732 -6379483.757113992
-7699118.803871500 -6381500.451507036
-7695093.915408285 -6386353.281627488
-7693410.051651917 -6388381.732408481
-7689325.403404153 -6393297.630381242
-7687012.883347192 -6396077.873630877
-7685598.122854692 -6397777.681222049
-7655285.438391694 -6434017.645063841
-7633133.514222681 -6460282.644518449
-7627578.546244177 -6466840.366110575
-7613995.618241924 -6482827.238487222
-7608472.040989203 -6489309.112038000
-7597848.009871537 -6501744.722501844
-7581845.701491626 -6520398.330339613
-7564878.826794631 -6540075.425229589
-7558682.004621534 -6547236.479012978
-7538615.035828283 -6570332.012645205
-7534910.194968381 -6574580.443088762
-7533553.014674583 -6576135.440120439
-7530757.877010178 -6579336.192743691
-7525951.655268979 -6584833.307454364
-7513718.222398685 -6598789.117078712
-7500156.955382530 -6614198.737603419
-7483527.689931111 -6633007.814433231
-7479171.601453050 -6637919.186352570
-7471648.738999605 -6646385.773058320
-7443228.304734014 -6678198.171651894
-7438141.202790274 -6683863.605814318
-7433484.918216534 -6689041.807920986
-7426792.772049643 -6696471.345527609
-7412385.060910837 -6712415.857199835
-7406566.982383637 -6718835.068559641
-7404673.020859991 -6720922.336324507
-7390575.026905463 -6736421.920224556
-7381384.591893123 -6746491.020578713
-7364124.356535162 -6765327.120182143
-7344309.213057029 -6786832.918047418
-7343373.344023901 -6787845.489963011
-7339728.498527945 -6791786.585685782
-7305728.452848426 -6828346.079110540
-7287291.454267499 -6848018.850856557
-7280767.417065879 -6854954.710237837
-7275706.375316471 -6860326.167296097
-7269218.245482175 -6867200.622315792
-7198481.116450610 -6941314.608285849
-7177348.971399430 -6963163.134485681
-7173924.159934070 -6966691.503813226
-7145462.759891726 -6995880.240249030
-7141487.806447562 -6999937.875690131
-7141135.676216235 -7000297.163661452
-7131762.074127370 -7009846.605925481
-7114475.821870325 -7027390.180186348
-7086844.382953369 -7055254.450591320
-7083662.055608014 -7058449.627052527
-7079406.464013672 -7062717.794792719
-7072770.016781690 -7069363.668860140
-7066471.037013701 -7075660.081258046
-7056105.612797406 -7085996.959543482
-7044488.006087060 -7097546.621041020
-7044063.309576683 -7097968.076402653
-6986129.330737815 -7154996.528542326
-6961964.813383086 -7178511.347924585
-6932179.124625371 -7207279.020510104
-6929897.352418456 -7209472.956332046
-6920650.901339913 -7218349.498933915
-6900379.169304038 -7237730.642598968
-6895902.625190070 -7241995.914265923
-6873977.509822616 -7262810.106023503
-6872617.020352203 -7264097.641481929
-6856656.128510696 -7279165.061640299
-6844463.210604370 -7290631.157363700
-6815648.548564122 -7317575.646058675
-6800689.637375340 -7331480.085660104
-6795149.821426493 -7336614.828754100
-6784014.053544624 -7346913.110430432
-6775184.762489260 -7355056.097264146
-6750692.296927721 -7377542.421847615
-6723705.532995285 -7402145.797757801
-6694168.493873470 -7428868.559767945
-6681325.056170139 -7440421.683669662
-6677220.170616814 -7444105.634901135
-6652775.479372996 -7465959.897113376
-6632641.130995325 -7483852.650079509
-6629655.097786359 -7486497.981327568
-6620619.317302570 -7494489.892554877
-6613707.625746135 -7500590.018103784
-6612256.950449436 -7501868.901475166
-6610571.677722069 -7503353.883627076
-6597326.093292031 -7515002.783223804
-6554525.827502035 -7552361.865479191
-6539048.655605864 -7565766.436803056
-6524464.069357691 -7578347.230092717
-6515639.848911399 -7585935.349651348
-6512113.062164790 -7588963.171289081
-6511382.444527093 -7589590.048261746
-6485748.508220382 -7611507.309341830
-6473449.400979330 -7621970.353564391
-6450662.537043751 -7641264.987518656
-6447262.401668688 -7644134.093978571
-6444941.960995469 -7646090.650113470
-6441732.013838362 -7648795.172573014
-6419018.096967075 -7667867.002201147
-6413364.162003010 -7672596.627214107
-6395474.486019798 -7687514.804025953
-6388792.036392700 -7693069.331123257
-6378171.401263522 -7701876.919398875
-6370139.459058200 -7708521.345246969
-6364796.699023230 -7712933.370026455
-6363077.534897152 -7714351.809156966
-6315572.065426611 -7753291.434382949
-6311651.349557283 -7756483.463860742
-6305144.449326846 -7761773.744293648
-6302579.538839408 -7763856.610941852
-6301906.284531022 -7764403.103736397
-6299562.768512491 -7766304.712816573
-6293822.734732389 -7770957.031821793
-6279369.800718606 -7782640.517072299
-6228834.967635982 -7823144.786761012
-6208243.116222300 -7839495.909203446
-6195841.550854550 -7849301.024126846
-6192560.001593449 -7851890.217122419
-6188514.454689635 -7855079.116319160
-6183588.012306673 -7858957.780888977
-6174458.000574773 -7866132.872049128
-6170077.525964142 -7869569.369509041
-6135026.677943293 -7896925.185416222
-6011782.534632454 -7991148.172935484
-5985450.294821773 -8010890.294438276
-5965486.359698027 -8025767.969170402
-5953508.328296002 -8034657.279014647
-5934874.255115905 -8048431.272246402
-5933331.603944356 -8049568.564157970
-5929582.345484259 -8052330.836900519
-5915886.714766653 -8062398.067685685
-5853933.377245323 -8107492.902417593
-5830221.055656692 -8124561.589731295
-5791869.452191742 -8151946.151291039
-5761416.209693617 -8173497.582270501
-5739883.474638431 -8188633.405063726
-5736374.871106860 -8191091.660449345
-5706238.553439900 -8212114.153416700
-5700568.405065619 -8216051.198531843
-5698145.643957820 -8217731.735563155
-5694966.696338207 -8219935.068787601
-5693818.947890226 -8220730.153382624
-5692792.423170443 -8221441.066286727
-5685639.056546494 -8226389.693766369
-5673890.499635315 -8234497.302769149
-5663674.258111803 -8241527.271658042
-5661544.204491167 -8242990.699183340
-5638203.230759925 -8258973.517586734
-5633310.285910541 -8262311.653008981
-5623661.952717062 -8268881.670410886
-5622486.000334648 -8269681.320402367
-5613618.536958382 -8275703.317394797
-5556782.871562452 -8313972.740746613
-5534621.100154618 -8328742.328127083
-5489317.367386987 -8358670.589638576
-5477786.494089118 -8366231.760745964
-5464828.950952427 -8374701.329990790
-5464364.179604600 -8375004.574055745
-5459657.001354867 -8378074.017819632
-5451073.430055212 -8383661.375533697
-5436480.509608448 -8393131.607603338
-5416098.701705873 -8406298.453284012
-5405399.811323866 -8413182.073656874
-5399649.162988029 -8416874.007370744
-5382689.322712756 -8427730.085990539
-5341411.253525483 -8453952.019425295
-5339211.674710429 -8455341.383233165
-5278507.448172356 -8493370.206392683
-5275295.523035460 -8495365.504111247
-5272621.024759877 -8497025.705670103
-5262418.867048413 -8503347.962043496
-5249847.284897332 -8511115.206691530
-5234190.585829224 -8520752.750749772
-5233636.455546348 -8521093.128729552
-5174549.390852317 -8557103.352117747
-5173013.247394459 -8558032.103624968
-5154023.096868562 -8569482.138656288
-5146180.396171260 -8574194.069874285
-5127221.802359147 -8585544.528678276
-5107813.091969403 -8597105.578958608
-5089527.932361159 -8607943.144778593
-5087288.179482345 -8609266.909571888
-5073544.109574216 -8617373.723220145
-5053689.396344719 -8629032.577523369
-5043231.477788616 -8635148.828454597
-5026537.554177730 -8644877.014117312
-5009959.861783165 -8654494.781071849
-4976222.837726495 -8673937.116300087
-4942553.753506391 -8693166.388324959
-4942267.269467953 -8693329.242573122
-4937215.208080848 -8696199.434856821
-4920992.262344404 -8705389.886600610
-4911741.485935627 -8710612.720038889
-4878051.572012504 -8729524.093381077
-4867684.290120298 -8735309.301856276
-4865237.201612304 -8736672.466811106
-4800521.660245472 -8772398.192356622
-4789966.499952129 -8778166.125083894
-4787484.553000835 -8779519.976041114
-4763841.701815522 -8792371.226930624
-4750996.208353480 -8799318.934875358
-4713859.919504566 -8819268.860996364
-4701602.892521627 -8825809.260733679
-4678349.336720062 -8838157.416421244
-4655439.164258695 -8850246.518930193
-4650472.790315412 -8852857.182649223
-4574550.739487668 -8892326.148987968
-4550913.977007834 -8904446.175330060
-4487539.916373138 -8936552.142723976
-4482338.973518752 -8939161.927559784
-4469170.793541737 -8945752.722857477
-4465842.308859160 -8947414.799078120
-4459928.694533509 -8950363.952804253
-4426707.844444238 -8966840.877746163
-4420299.316470856 -8970001.877778156
-4382508.880283858 -8988525.683792857
-4381791.632459173 -8988875.398906590
-4376887.811603529 -8991264.216396745
-4366405.100006306 -8996359.538938425
-4325869.422862665 -9015921.091191748
-4323562.737824838 -9017027.424801625
-4285786.752730081 -9035043.445791520
-4279415.636974265 -9038062.848361101
-4251491.954218280 -9051231.724383786
-4233272.544859813 -9059767.184229322
-4229194.558910815 -9061671.577015227
-4223480.488246096 -9064336.205138553
-4221295.248138501 -9065354.097085152
-4217230.194303637 -9067245.893201392
-4202638.449382359 -9074018.345768169
-4198026.523962205 -9076152.961146513
-4181222.591217063 -9083906.479309062
-4177968.760407407 -9085403.451383252
-4110662.433699178 -9116053.581876883
-4096079.155297401 -9122615.504623361
-4038752.484590354 -9148139.519487828
-4021585.437370021 -9155699.317181993
-4007097.736239998 -9162049.254215861
-3995581.626425847 -9167077.279569348
-3987534.701983915 -9170580.382905314
-3980312.157767483 -9173717.550897878
-3971447.786479460 -9177558.589315586
-3940592.392212792 -9190849.301971478
-3937085.074488956 -9192352.272580342
-3911600.005369946 -9203225.714436628
-3910674.275395431 -9203619.110625565
-3900718.900175550 -9207842.917801462
-3891126.563156368 -9211900.610552158
-3877637.350802126 -9217586.890429376
-3868162.757880919 -9221566.899007088
-3807878.298386207 -9246623.259752788
-3799224.085037040 -9250182.411343222
-3797643.907770179 -9250831.267979058
-3794763.511064797 -9252013.210936056
-3782106.922550836 -9257194.307806602
-3744826.276894849 -9272338.185101567
-3742502.320497896 -9273276.431067780
-3730572.905889265 -9278081.950458679
-3728625.726674696 -9278864.640124034
-3725873.463445241 -9279970.137950573
-3723644.099282129 -9280864.891580442
-3714209.328793795 -9284644.758998888
-3706550.798681565 -9287704.809491955
-3694780.145688208 -9292393.607467964
-3681987.758451155 -9297469.827101149
-3667066.520499201 -9303365.041221056
-3656664.490721630 -9307458.526226072
-3645175.779496778 -9311963.962608721
-3625907.846482320 -9319483.435927587
-3619506.010931913 -9321971.674418397
-3584200.575495534 -9335603.111538136
-3583407.221792404 -9335907.675540850
-3568148.863757153 -9341749.934377886
-3551989.565781807 -9347906.141209390
-3535859.890018534 -9354019.107068313
-3523721.526299536 -9358598.502362575
-3521432.622267350 -9359459.996726274
-3487717.400876972 -9372075.864171619
-3481092.427682269 -9374538.636491206
-3477653.301283180 -9375814.995526081
-3473392.307487067 -9377394.328676686
-3468821.495368161 -9379086.071139824
-3452312.716360563 -9385175.266429048
-3451246.580602254 -9385567.432948047
-3436762.657840290 -9390880.786232859
-3418204.002680595 -9397651.886913817
-3398392.200033917 -9404834.375902802
-3374492.151892316 -9413436.173744412
-3350799.026556148 -9421896.004702898
-3333937.200098349 -9427875.783175359
-3317841.948441080 -9433552.034863506
-3315223.793142390 -9434472.396786869
-3313210.983043127 -9435179.468545571
-3308775.863698387 -9436735.719375769
-3287514.233336419 -9444163.751987696
-3285294.559975702 -9444936.121680768
-3277004.018122735 -9447815.760199700
-3271374.762752347 -9449766.391406501
-3250010.242768078 -9457135.519200720
-3247894.025998811 -9457862.454739736
-3152488.796689686 -9490089.235603744
-3147212.795190219 -9491840.220386343
-3140651.546262437 -9494013.220236884
-3139926.914562354 -9494252.884180604
-3137250.952601110 -9495137.425531473
-3116328.032941889 -9502025.010010632
-3110163.523520718 -9504044.518073106
-3062468.597629814 -9519520.160528054
-3051536.410547737 -9523030.225208545
-3049091.674574387 -9523813.239890106
-3000901.553542015 -9539107.353738762
-2983342.198760779 -9544613.562897038
-2968613.300020719 -9549204.912228255
-2945516.367847295 -9556354.490869852
-2944049.301494028 -9556806.557946051
-2938114.918974279 -9558632.754801130
-2931806.022632626 -9560569.627293937
-2930810.942834655 -9560874.698529748
-2915683.872145087 -9565498.794597331
-2903885.591580468 -9569087.096094860
-2881787.086411916 -9575765.341726843
-2873855.491656882 -9578148.758124761
-2870989.687016414 -9579008.089667656
-2859897.859920325 -9582325.593080597
-2830491.963772375 -9591052.776237590
-2828470.748661094 -9591649.086669130
-2819768.792331353 -9594210.924596662
-2809358.467552009 -9597264.413242815
-2800460.075921560 -9599864.732896235
-2780648.386793742 -9605622.000092445
-2751188.049941299 -9614101.278396154
-2733040.647200069 -9619275.828996817
-2698578.846304344 -9629000.514485445
-2697159.309094780 -9629398.240721645
-2612203.045336337 -9652790.949153906
-2609021.859721642 -9653651.330891432
-2599593.944901253 -9656194.369016018
-2597600.727240023 -9656730.789054902
-2588756.277173982 -9659105.558552461
-2576750.459140361 -9662315.242615832
-2561178.107537357 -9666454.616696108
-2555351.789387683 -9667996.495142428
-2549348.161669536 -9669581.345347231
-2540986.534883304 -9671781.947705116
-2534007.382270934 -9673612.827346114
-2520490.132110207 -9677143.595288862
-2495120.063692145 -9683715.941330766
-2461984.289296128 -9692193.345479270
-2455393.824948424 -9693865.025191033
-2436575.040628935 -9698612.346573140
-2434632.070058483 -9699100.278336424
-2427204.251432923 -9700961.735531894
-2371024.708511932 -9714845.407930121
-2369289.137630094 -9715268.789534518
-2358545.412417959 -9717882.606118949
-2326440.394472472 -9725618.438298546
-2311812.633918657 -9729105.844329033
-2286805.608573509 -9735014.109811394
-2267932.448938098 -9739428.154981978
-2253951.434125436 -9742673.220552694
-2250918.278239556 -9743374.420777496
-2248645.319232499 -9743899.299228186
-2227320.167907442 -9748796.022822855
-2220784.609986155 -9750286.928769346
-2183800.467052250 -9758636.870039823
-2157964.180751008 -9764382.731744688
-2150012.053473962 -9766136.716917049
-2148292.754001633 -9766515.136491729
-2139788.317442191 -9768381.912512733
-2138678.515362974 -9768624.951707873
-2123105.064523953 -9772021.494602852
-2120300.011242531 -9772630.535021959
-2102829.622192775 -9776404.601468166
-2080432.749667736 -9781195.164440570
-2073587.019457571 -9782648.734343212
-2070804.277570586 -9783238.187527018
-2060104.317956275 -9785496.876135582
-2055385.772473836 -9786489.072636852
-2052126.688247622 -9787173.007308071
-2035351.992354166 -9790675.226822680
-2033135.998147545 -9791135.665927090
-2027030.506876916 -9792401.496127853
-1999805.115058750 -9797997.661477881
-1976237.067572122 -9802778.439996386
-1973686.844459447 -9803292.274829682
-1971544.209420804 -9803723.359542470
-1968134.865882123 -9804408.382633632
-1965269.426857440 -9804983.201509872
-1948668.554653733 -9808296.000279941
-1930666.691939837 -9811855.367418503
-1920701.617345972 -9813810.924454469
-1908274.276495321 -9816234.937568489
-1892190.771803520 -9819347.870756028
-1890785.920264404 -9819618.531772239
-1886135.994340959 -9820512.707997702
-1881511.214469834 -9821399.817863315
-1868989.302373812 -9823790.410222080
-1867430.316980980 -9824086.880861899
-1865939.449000564 -9824370.202504328
-1858023.680332193 -9825870.276739361
-1825249.344583475 -9832011.172239736
-1815323.712512377 -9833848.668618640
-1802751.453540569 -9836161.108241616
-1792821.549245128 -9837975.895446116
-1777658.829672627 -9840726.999885667
-1759315.669003529 -9844022.908040501
-1751794.286310568 -9845364.176589118
-1747260.311790359 -9846169.838135537
-1742999.487531218 -9846925.031286951
-1736526.191009300 -9848068.656302566
-1735313.355710107 -9848282.434349775
-1729420.012999041 -9849319.025173187
-1728198.544130924 -9849533.436769210
-1718366.236129584 -9851253.578092610
-1696516.832005843 -9855039.782402333
-1677198.348176163 -9858345.904479384
-1676147.040800985 -9858524.764722811
-1673582.082434048 -9858960.505168706
-1665322.346409187 -9860359.044948578
-1664321.882281361 -9860527.973382296
-1651253.728601362 -9862724.761270432
-1640022.702279359 -9864598.543133002
-1635488.180773159 -9865351.344332561
-1621695.461584693 -9867628.051598888
-1611288.715377291 -9869332.707428223
-1602232.703700205 -9870806.938419174
-1601342.249677169 -9870951.416001445
-1597498.542051371 -9871574.197571358
-1591788.512668084 -9872496.575091507
-1580528.928251337 -9874305.425136188
-1564915.949701393 -9876791.837977732
-1561498.464339277 -9877332.749493049
-1555836.015780770 -9878226.201264016
-1538940.519758624 -9880872.510797778
-1528168.392516351 -9882544.229922226
-1506773.315665448 -9885828.907360723
-1502263.580692382 -9886515.185257005
-1490996.504175832 -9888220.660661615
-1490344.859851307 -9888318.894002294
-1484084.742922934 -9889260.423789570
-1480594.081671089 -9889783.617091442
-1476691.543064657 -9890367.049501857
-1471544.921523351 -9891134.124439193
-1469632.288445486 -9891418.504270067
-1458531.283851107 -9893061.490407420
-1455631.358060909 -9893488.595911425
-1448878.810698195 -9894479.768821714
-1444931.405875359 -9895056.949881967
-1442837.342337370 -9895362.491957428
-1436452.773188431 -9896291.341793435
-1434006.381246435 -9896646.109450217
-1428599.547920045 -9897428.088549156
-1418805.383409938 -9898836.797832452
-1418255.857814005 -9898915.573219301
-1407876.456292327 -9900397.114328995
-1402845.006182772 -9901111.330717297
-1398027.651238364 -9901792.656923018
-1393132.736052320 -9902482.504166314
-1373103.709356729 -9905279.672259709
-1370337.527975359 -9905662.711937739
-1365020.096411895 -9906396.919438191
-1361798.177774397 -9906840.308941459
-1361274.304191155 -9906912.314924698
-1353412.577525710 -9907989.389204949
-1335194.320460904 -9910460.904369686
-1318828.293799642 -9912652.050805431
-1283867.033662602 -9917240.767414911
-1281794.380341731 -9917508.855334526
-1258457.176053352 -9920497.214997938
-1245491.022970224 -9922133.425181441
-1233641.532077490 -9923613.641073363
-1226894.214817421 -9924450.105306957
-1225439.620699237 -9924629.844745005
-1210221.303413864 -9926497.074658750
-1204961.139413075 -9927136.935691968
-1183255.145931354 -9929747.572146319
-1176202.113813343 -9930585.473613001
-1165918.753241406 -9931798.085922219
-1163877.351727171 -9932037.498240767
-1161276.067602301 -9932341.965458097
-1161155.392828292 -9932356.076055638
-1149698.399047226 -9933688.750530213
-1148647.828518539 -9933810.296952480
-1147321.136304277 -9933963.653425971
-1129313.875436387 -9936026.824831713
-1124522.771900699 -9936570.225972923
-1111346.235246119 -9938052.572498273
-1106433.423811735 -9938600.702932075
-1104132.290957680 -9938856.642951112
-1099589.633977465 -9939360.237097435
-1070606.039190673 -9942523.898365436
-1051919.472343363 -9944518.343773471
-1050798.190276735 -9944636.878567999
-1049125.269467258 -9944813.518587660
-1044252.263355259 -9945326.364292612
-1030788.107986197 -9946730.882638754
-1030244.707014298 -9946787.173231835
-1019090.500672315 -9947936.163881432
-1017529.009270323 -9948096.009544529
-1012913.310499640 -9948567.044721123
-1012024.640370554 -9948657.483956922
-1005312.085407909 -9949337.989653341
-1004500.967686140 -9949419.933596695
-1001463.581086019 -9949726.121929206
-996907.797570630 -9950183.634051263
-994051.351012856 -9950469.399163112
-989676.403677520 -9950905.490273688
-988148.981454267 -9951057.293994514
-985490.663634463 -9951320.885417202
-959580.384347152 -9953852.771794247
-936365.813139507 -9956063.384723268
-932177.942093336 -9956456.347767698
-930857.115638977 -9956579.975846807
-928197.609541974 -9956828.233975973
-890586.609801870 -9960262.800485980
-887269.697307245 -9960558.806030810
-882898.409948244 -9960947.222909560
-846102.115920503 -9964140.219374472
-836293.964676020 -9964968.210878924
-834072.855460262 -9965154.387576664
-828567.971308297 -9965613.621093290
-826225.692412430 -9965808.031614719
-824765.190452537 -9965929.035365101
-821895.204013516 -9966166.093181141
-821376.908496408 -9966208.824848447
-820590.656626455 -9966273.616512423
-820253.396888575 -9966301.392242730
-813122.858131005 -9966885.698695770
-780074.274696491 -9969526.746908469
-774895.203824174 -9969930.610529201
-771013.262585514 -9970231.596304895
-770546.556374517 -9970267.690161210
-768834.335001853 -9970399.846419768
-755509.311853014 -9971418.373696234
-748643.147304867 -9971936.261329431
-735030.756660286 -9972948.870741898
-732937.824313146 -9973102.927664373
-716417.472707653 -9974303.241286354
-715275.557777573 -9974385.206830626
-713450.516220552 -9974515.921044726
-703450.067445527 -9975226.171068231
-700517.819219974 -9975432.538981134
-688700.238746455 -9976255.380127039
-676518.274416942 -9977088.847107971
-673290.732822142 -9977307.206555998
-655206.003668366 -9978511.134188298
-620552.875376748 -9980726.097188782
-612477.496434268 -9981224.938358439
-600583.294984301 -9981947.600184053
-600029.521397527 -9981980.918547451
-598090.738416737 -9982097.308295520
-593537.042430103 -9982369.122138334
-592134.662224202 -9982452.416132115
-585520.584206584 -9982842.529807899
-573806.846263261 -9983522.691391155
-563910.598731001 -9984086.569025269
-551147.630689857 -9984799.235974962
-528416.031732410 -9986028.029097104
-525601.725650584 -9986176.565653788
-523791.696530157 -9986271.676560245
-522873.578499165 -9986319.782939868
-518179.835267712 -9986564.427641539
-514637.088122068 -9986747.623673541
-511207.857076677 -9986923.771215618
-486384.277077221 -9988163.487277424
-459799.056476559 -9989422.612973887
-452712.602333865 -9989746.299290825
-451525.435155994 -9989800.001527900
-424233.841794651 -9990996.199106807
-406757.460421822 -9991722.957690844
-403386.229015682 -9991859.623763112
-379764.078648917 -9992785.335827811
-360837.544131489 -9993486.680448921
-358012.195354688 -9993588.299754102
-347169.928884081 -9993970.830000611
-346866.468112707 -9993981.358446063
-334221.157543961 -9994412.243910769
-330797.092308696 -9994526.140520571
-325865.140285148 -9994688.150320508
-323082.612383712 -9994778.488629008
-317778.801921024 -9994948.528619321
-309266.656979033 -9995215.549686335
-302843.723733724 -9995412.222274322
-301846.826815484 -9995442.381018205
-300190.423635093 -9995492.218746318
-297546.829157976 -9995571.283172583
-291002.000338610 -9995763.962438183
-282914.448606316 -9995996.137955688
-274289.150059590 -9996236.547584444
-257896.025647394 -9996672.898696741
-251367.950299796 -9996839.196527200
-241076.684133523 -9997092.661407048
-232485.378266580 -9997296.149283143
-200925.899846108 -9997980.228310885
-179734.208550179 -9998383.630064385
-153773.315571759 -9998816.599060349
-144859.649175143 -9998949.697640361
-142231.976106662 -9998987.433442635
-116460.237944929 -9999320.812633416
-112904.993446039 -9999361.584949486
-100980.941777644 -9999489.114628751
-100547.874325925 -9999493.481852494
-94191.081822760 -9999555.379187549
-80290.678624932 -9999676.663767004
-75615.789263971 -9999713.075587997
-70838.053310127 -9999748.076783219
-68132.669635792 -9999766.893692888
-63622.488023431 -9999796.587257000
-62131.138808777 -9999805.969731556
-61680.322518954 -9999808.762543011
-46963.400990209 -9999888.671482138
-45792.854715220 -9999894.136844624
-33617.416690237 -9999942.489599153
-20383.577744304 -9999978.217133999
-11321.245226796 -9999992.585273242
-1183.413803098 -9999998.929678587
