18
-9213056.483001502 3888388.931168096
-8765360.346609991 -4813359.680639735
-7505717.141660027 -6607888.257482482
4435220.214632244 -8962633.819538699
4655241.259886581 -8850350.913472407
6284811.321944636 -7778247.568254092
6379345.372064112 -7700905.181062410
9910097.545065356 -1337893.158907041
9852283.170453504 1712458.189778237
9432747.347338412 3320132.331376762
5808178.628873511 8140335.333400771
5198896.563992706 8542334.382916927
3623042.457186260 9320598.963809906
2790739.571536653 9602696.075564723
-2324565.972228642 9726067.565618075
-2706215.653401771 9626857.939995842
-5996736.146779126 8002446.135175777
-9143271.003647389 4049762.460153230
