1000
-9999947.838035652 -31979.464855554
-9999935.892095232 -35522.931933995
-9997903.059185313 -204729.313959608
-9997492.347730495 -223889.383911666
-9994173.709262740 -341279.211629507
-9993065.329538587 -372323.931132542
-9991625.373308770 -409148.086358513
-9988287.989906700 -483820.883667531
-9978935.538736479 -648709.996489455
-9974265.045735497 -716949.322567639
-9962662.615326243 -863326.641819892
-9936946.048892263 -1121196.932812112
-9766291.820354514 -2149307.498550778
-9761584.752065657 -2170585.612803328
-9704274.804472107 -2413924.115317646
-9641949.991494326 -2651938.856046469
-9619747.812829418 -2731378.718863057
-9600931.470245935 -2796800.586222700
-9565194.691061368 -2916681.286414234
-9520506.273242414 -3059401.779890059
-9496567.640455708 -3132919.098854477
-9464066.567189140 -3229771.310514273
-9462593.604962252 -3234084.045421131
-9402049.658170525 -3406088.805050335
-9303672.620414503 -3666286.268606164
-9290622.791770294 -3699230.671144044
-9259240.294250980 -3777095.123247112
-9225052.558068477 -3859842.436995707
-9136414.183182083 -4065207.807274514
-9130578.828845421 -4078297.419832150
-9112858.818257380 -4117740.064988042
-9069960.434212530 -4211388.802772457
-9029228.567028971 -4298023.972310057
-8983055.227091800 -4393711.108647392
-8834417.634457478 -4685407.487617824
-8814893.479000606 -4722036.896110266
-8728161.649285113 -4880489.048015893
-8709217.167536564 -4914215.633550298
-8704235.380163908 -4923034.233783484
-8703319.375052186 -4924653.380503130
-8676830.095783671 -4971176.703340432
-8662821.044098299 -4995549.143273908
-8451932.773918858 -5344605.781370140
-8395373.442528741 -5433017.920252004
-8343975.860721634 -5511628.201230032
-8040182.455191316 -5946044.418877432
-7823513.718706872 -6228371.499495401
-7814849.774117963 -6239238.917570059
-7726989.211220155 -6347725.238534919
-7688113.821157066 -6394754.411108961
-7520248.245512404 -6591346.221236746
-7424501.589875340 -6699011.523778060
-7404588.420148712 -6721015.482154266
-7396207.520578934 -6730237.205946685
-7361469.790465877 -6768215.497179396
-7215789.060340646 -6923320.516185985
-7151306.619595663 -6989906.470970890
-7065113.740193672 -7077015.393024961
-7021954.842209231 -7119840.423952462
-7001490.564173269 -7139965.610848244
-6927722.756316087 -7211562.693021409
-6489047.825257748 -7608694.719034247
-6394080.920314612 -7688673.985947637
-6382941.619790358 -7697923.945906979
-6244575.725761700 -7810585.825403999
-6230527.410664832 -7821796.888179791
-6066715.274282995 -7949524.795121514
-5620580.811089351 -8270976.402698677
-5477597.116235632 -8366355.732121726
-5426620.341916738 -8399510.117552759
-5319974.932321885 -8467458.064896511
-5291841.609719049 -8485068.698094497
-5145615.153038038 -8574533.384642875
-4971057.156630038 -8676898.601666303
-4754463.627202301 -8797445.947415616
-4724734.974565821 -8813447.516136648
-4585029.951615101 -8886927.472082216
-4209915.731546705 -9070644.302369300
-4049337.959110582 -9143458.889356297
-3930291.265800360 -9195259.025753601
-3516514.936685898 -9361308.755185135
-3240798.699963893 -9460296.114582280
-3209204.561708812 -9471060.427902548
-2947425.143599087 -9555766.053706786
-2818963.361038846 -9594447.622430906
-2807912.191649054 -9597687.635564206
-2639598.882064585 -9645335.479115445
-2372934.366503520 -9714379.080659589
-2345645.093258734 -9721004.471212726
-2332160.779634350 -9724248.261917727
-2330437.970170862 -9724661.311848754
-2311902.489051824 -9729084.506633850
-2233503.453080140 -9747381.256879009
-1813803.672673868 -9834129.126404250
-1686667.347410627 -9856730.274683958
-1647584.192338118 -9863338.451762356
-1626775.383904613 -9866791.808216125
-1618956.816694267 -9868077.744072370
-1486561.136804520 -9888888.445555646
-1398248.178755180 -9901761.552945722
-1211368.928800552 -9926357.062958740
-1178073.826138933 -9930363.596382184
-1102709.042729658 -9939014.600824108
-974777.170760114 -9952376.035416348
-928049.003688443 -9956842.091416536
-896829.487381554 -9959702.607232682
-828165.952441297 -9965647.020178275
-692147.615674485 -9976016.799002053
-674677.760849401 -9977213.508420810
-592634.426613286 -9982422.753467282
-588684.126752363 -9982656.473262252
-582022.306950142 -9983047.091611799
-536834.496660509 -9985578.994904272
-521855.586071416 -9986373.042681087
-511219.345486077 -9986923.165936010
-409452.936034094 -9991612.878301393
-337373.740593712 -9994306.317477575
-191808.085228856 -9998159.295805458
-174468.169306759 -9998476.908872964
-156408.177894424 -9998775.728080440
-53289.210845349 -9999856.999408953
201847.576310254 -9997961.677714374
267235.903119386 -9996427.590302670
267825.925562991 -9996411.803978870
434708.191202556 -9990545.994980162
467117.648759671 -9989083.120103896
565258.996130691 -9984010.360499578
582111.148225618 -9983041.962355250
693503.772404948 -9975922.706988160
730575.969848855 -9973276.243221343
856227.896846952 -9963275.299977258
909006.018808552 -9958598.726457948
1308848.442034788 -9913974.811578931
1347384.288440736 -9908811.108933786
1398746.182304950 -9901691.322357474
1421694.886027514 -9898422.365990447
1516505.329296919 -9884340.812958829
1568107.433662203 -9876285.795103027
1758737.395432228 -9844126.402156884
1827190.089906640 -9831650.856398197
1899091.209576931 -9818015.862223715
2005193.577181776 -9796896.522147812
2115592.881657129 -9773650.812113540
2131184.439174172 -9770262.831972003
2132896.078020667 -9769889.304080596
2296444.327662303 -9732745.118339924
2307038.474694732 -9730239.349948088
2325346.384312263 -9725880.315495739
2424784.112933793 -9701567.206119392
2469267.357999695 -9690340.677295437
2497452.014865751 -9683115.082167383
2620948.906714659 -9650420.202114163
2864527.123809483 -9580943.036388824
3102000.828292297 -9506712.125880482
3130246.653101817 -9497449.231746087
3414139.857498846 -9399129.455347158
3415453.581870996 -9398652.126008281
3605678.348145378 -9327329.231053611
3613856.985876590 -9324163.406983223
3663594.786546740 -9304733.181214472
3692820.166504437 -9293173.010883637
3703465.162898237 -9288935.962716771
3752110.294234957 -9269393.425556114
3798203.063521075 -9250602.127582097
3840266.873334805 -9233219.225032600
3957283.099108273 -9183675.575094244
3991641.624611592 -9168794.054431261
4080625.875101878 -9129538.819850592
4113201.776853259 -9114908.575546227
4128519.817629089 -9107980.613302980
4191033.301576654 -9079384.702883188
4310383.490891592 -9023335.420313807
4372293.076450576 -8993499.926572347
4379842.584565648 -8989825.720046315
4428445.848826118 -8965983.202012690
4553634.124377532 -8903055.889550468
4698307.863582632 -8827564.284039384
4699133.383113679 -8827124.849476935
4702651.883272224 -8825250.850789756
4750324.860364044 -8799681.902778599
4897868.786392376 -8718421.224107232
4959310.191367854 -8683618.555124259
5316158.120616268 -8469855.459763240
5374140.703465473 -8433184.549789919
5549221.212535142 -8319022.426329009
5575020.760611635 -8301754.781895811
5665567.375408782 -8240226.735132604
5783975.080358929 -8157550.064210422
5802941.035584870 -8144069.348413455
5825628.288330766 -8127856.104450610
5890236.557635077 -8081157.272144669
5940472.691795233 -8044300.831127899
5981946.748862460 -8013507.471444300
5991849.225258209 -8006105.956036245
6017390.616371333 -7986926.852491436
6116541.441195599 -7911252.282736083
6185061.442409315 -7857799.019854967
6252607.444928817 -7804158.663678250
6258059.859803829 -7799787.016214790
6263885.177086624 -7795109.559887495
6311904.214329580 -7756278.506291375
6331557.918248932 -7740243.238715873
6383419.896347512 -7697528.147268290
6398054.269427695 -7685368.779097349
6422237.115919911 -7665171.976043186
6460604.651695191 -7632861.807317910
6547972.623701661 -7558045.095224695
6563915.499320026 -7544203.462910598
6689338.457233948 -7433218.894037574
6734714.278726791 -7392132.004183311
6758479.413281986 -7370410.291805731
6793443.111143265 -7338196.195264245
6814520.463986525 -7318627.068731267
6827843.343064084 -7306199.238034621
6880778.836478763 -7256367.938094555
6930853.466987089 -7208554.739845764
7030661.661899153 -7111243.748417782
7249829.935278726 -6887667.222029434
7309055.896109751 -6824785.362548165
7344980.610602555 -6786107.386646131
7488925.856713253 -6626913.556614559
7494565.372655006 -6620534.989290507
7533035.626108707 -6576729.309127757
7533799.410838363 -6575854.275242579
7589090.800426837 -6511965.360685213
7696800.207885615 -6384297.910499601
7720619.546651140 -6355472.324727021
7733465.440881290 -6339834.929836355
7816244.672861285 -6237492.600944691
7848860.820428945 -6196400.346791903
7972143.871657475 -6036962.473939269
8010262.991022117 -5986291.216344488
8014762.382308144 -5980265.765503629
8061814.156702905 -5916683.731680524
8127920.166766475 -5825539.371449642
8146377.214973730 -5799701.054632067
8218676.175837168 -5696784.835118686
8324214.156054667 -5541430.536984470
8360799.044687273 -5486076.441920762
8400723.419859111 -5424743.449968465
8405237.799230853 -5417746.150172701
8437589.042596612 -5367223.176136045
8524300.173506759 -5228412.940496912
8555829.321638551 -5176657.150861007
8562100.646568276 -5166277.976442821
8587029.204164166 -5124736.539687846
8617020.165115876 -5074146.213299853
8621870.872051109 -5065899.603257557
8628490.350691125 -5054616.705556719
8631553.566503881 -5049384.095565039
8637204.133683577 -5039712.476685252
8671075.859946756 -4981208.620204733
8690791.057508528 -4946730.940445900
8719781.472367225 -4895447.610814068
8770695.052313285 -4803634.494305407
8791773.428019470 -4764946.726533136
8799060.970475087 -4751475.851557497
8811266.507724762 -4728803.179947626
8835861.760475053 -4682685.454000135
8857809.375501491 -4641035.352160016
8868812.011711020 -4619975.168088351
8918206.132683298 -4523891.595102124
8923396.826320734 -4513644.450157414
8928460.380386665 -4503619.884076711
8947428.737995226 -4465816.450149646
8963764.382947715 -4432936.440434880
8965452.329221316 -4429521.604545743
8983380.610947646 -4393047.849832174
9072384.917646687 -4206165.484738024
9107355.728400402 -4129899.319688906
9113929.561403427 -4115371.811234516
9168516.090361904 -3992281.338234248
9214770.750526629 -3884326.962152499
9220145.140203854 -3871552.752629807
9266263.052099330 -3759835.961635135
9278423.136870779 -3729726.666380111
9355725.250729546 -3531345.642877896
9411475.468394600 -3379959.542588849
9449936.240219429 -3270887.260070358
9454659.034714747 -3257210.392093321
9470385.217977721 -3211199.422397501
9472081.201165274 -3206193.239048126
9508003.911416078 -3098041.377601407
9524477.282504728 -3047019.989442708
9533724.459882330 -3017962.096863525
9539372.550840609 -3000061.615150297
9539797.665497843 -2998709.460651283
9558356.970069252 -2939015.199210365
9567778.583564205 -2908197.119909806
9586018.174024571 -2847499.465924438
9590025.093103265 -2833975.615556690
9599502.504046917 -2801704.739971458
9612070.515862782 -2758278.174080467
9638562.793058854 -2664226.902948915
9663102.031588942 -2573802.011800983
9671774.013267819 -2541020.782607633
9677596.027886959 -2518756.426398126
9679764.198330441 -2510410.954991948
9682363.448355764 -2500367.383090711
9692074.661255555 -2462455.399667753
9694090.414543245 -2454508.017347903
9696046.696574695 -2446768.539274385
9704004.901485758 -2415012.779748586
9704731.860627759 -2412090.054311121
9716541.141956387 -2364069.660890093
9723190.036625829 -2336573.130196068
9732883.980087161 -2295858.901080362
9750501.081022443 -2219848.584932981
9763406.879512521 -2162379.286750772
9772367.251057513 -2121517.531598143
9781144.322749846 -2080676.395146972
9783713.199144023 -2068563.232552370
9806121.204436606 -1959588.268250320
9808486.468228070 -1947714.575022450
9824802.057534536 -1863669.327995378
9832065.301212210 -1824963.176202559
9849431.089706400 -1728787.600751326
9878286.774834771 -1555458.043009433
9881963.840804826 -1531923.544993459
9895856.392899549 -1439453.007155784
9901151.865537161 -1402565.666256395
9904903.958840918 -1375818.338959199
9917547.926038485 -1281500.073478638
9920559.934301544 -1257970.374940721
9929649.632274749 -1184085.127071681
9930182.394401990 -1179608.567616993
9932495.637382982 -1159969.259474237
9933708.423513254 -1149537.216994799
9935232.755414352 -1136287.577620688
9936321.978541706 -1126722.927064944
9949271.226195449 -1005982.806055009
9952361.669210438 -974934.091825014
9963948.262538405 -848371.384537402
9968728.054052774 -790227.928433446
9969898.386519182 -775322.475943161
9970840.296046255 -763113.647334406
9977994.022508837 -663049.900953015
9978133.461970042 -660947.816990994
9978889.935464732 -649426.960504917
9983290.712241298 -577845.715407468
9984845.901230587 -550319.107747559
9990186.784168543 -442908.203382783
9991160.147266768 -420379.106756782
9992836.502962446 -378441.362724560
9995270.549786141 -307515.590330184
9996750.100819869 -254925.908013488
9997146.000389257 -238896.018549259
9997471.920057423 -224843.816643771
9997996.510483677 -200163.268152248
9999021.566596858 -139884.019246506
9999188.231778156 -127413.359689840
9999626.990746185 -86370.861083891
9999907.997513955 -42895.281849303
9999966.626035448 -25827.451034469
9999980.004954580 19991.201830898
9999871.064228090 50780.176618170
9999355.988688337 113488.107881294
9998753.690597259 157876.061781346
9997956.310216468 202162.344392579
9996257.750052659 273552.595674450
9995697.246517984 293319.770594527
9992900.416230220 376751.059388888
9988511.723856656 479201.265429284
9987306.281494258 503700.063526576
9985985.039038263 529248.079265869
9980981.337708052 616451.080341252
9979034.097099425 647208.212883481
9962605.782392673 863994.691539746
9953204.327237038 966294.340701032
9948236.190573486 1016168.219011017
9946531.045505710 1032725.033279995
9931840.969891416 1165562.683841561
9930857.695054075 1173910.960352163
9919913.498459663 1263058.573613079
9919459.109921357 1266622.502187405
9917932.170302328 1278523.700641921
9915502.091686066 1297235.550143488
9910844.436958492 1332353.168653587
9910278.281876275 1336557.538186583
9843406.470156657 1762767.918051967
9842241.784750521 1769259.460457418
9808929.063297624 1945485.369879271
9802546.323042115 1977394.247775405
9792145.248988498 2028273.489902781
9784559.464686457 2064557.989994098
9780076.042935833 2085693.001698464
9770674.822557619 2129299.423699266
9767530.930258745 2143675.047211718
9764573.998636007 2157104.099105293
9752444.128648212 2211297.396763231
9752250.381936030 2212151.638665397
9730603.547573864 2305505.837216834
9716203.729429476 2365457.383507780
9703246.128803268 2418060.840354342
9614445.309151506 2749989.793964384
9593401.896156697 2822524.392250538
9565746.737457303 2914874.603819135
9564385.739483550 2919337.227347174
9559779.111443523 2934387.020767557
9540184.278287936 2997480.393429259
9515108.214392291 3076153.428332440
9474064.454099268 3200329.119720558
9453988.775198091 3259156.463629399
9448331.756095791 3275519.992547731
9357597.504079722 3526382.572921777
9332371.346398244 3592610.403516335
9322398.975424509 3618408.846851157
9322199.509125780 3618922.637414222
9257533.902767971 3781278.949497287
9244440.982360685 3813176.457193892
9223951.465751035 3862476.517647132
9216154.184208805 3881044.604557764
9184307.484900098 3955818.641441886
9133111.012355255 4072626.625875086
9109866.214382101 4124359.706329427
9077107.266286103 4195965.644925429
9075838.927998891 4198708.531713391
9022941.785525054 4311209.395786642
9002459.403293878 4353817.847905721
9001387.760654122 4356033.145947421
8912794.058394564 4534546.038020043
8906071.420177611 4547735.449730338
8885836.083964888 4587147.500636894
8869830.412127741 4618020.551031373
8823191.277554447 4706516.944017014
8617978.979510764 5072518.613739314
8589237.768786095 5121034.979343313
8586797.225715518 5125126.356440327
8575911.704401195 5143320.430564955
8573658.046687594 5147076.227500156
8392335.561156360 5437711.761167393
8370284.944407310 5471593.467573056
8349181.220825032 5503742.225152663
8212042.700887093 5706343.915667788
8157175.316810706 5784504.960849737
8123284.426827649 5832002.845400468
8082984.132881872 5887730.694201607
8025832.728858378 5965401.522341003
7678210.881974954 6406643.646675185
7675120.000883642 6410346.316877313
7649308.267506230 6441124.939709089
7635984.292495965 6456914.991928813
7558838.850002397 6547057.547965189
7557350.050079800 6548776.028979497
7540410.558581059 6568273.321992015
7492447.153400888 6622933.098402590
7480433.341851684 6636499.206061640
7472994.974550895 6644874.102456984
7462212.747547208 6656980.251205484
7456043.797931695 6663889.065058123
7443456.407300231 6677946.087393208
7407645.054919834 6717648.568990799
7381477.595615459 6746391.263717143
7320291.244258331 6812733.858823333
7291377.399951965 6843670.155486700
7273366.633333804 6862808.767043703
6994523.571484219 7146792.783543320
6855223.553796745 7280516.278757559
6846461.452446032 7288756.493663655
6799868.975702831 7332243.065201328
6718209.931228939 7407135.790858238
6656803.960992772 7462370.042024140
6527512.640617007 7575723.394857083
6499460.344509263 7599804.031547319
6288995.998179368 7774865.576763169
6263071.842014647 7795764.093084472
6257269.091593757 7800422.479105897
6223204.052092830 7827626.609328790
6195667.444170443 7849440.232013096
6193372.524074308 7851251.137902217
6090429.356271358 7931372.964706169
6031634.082188846 7976176.840199107
5996072.425516806 8002944.644831981
5941145.701365530 8043804.645127371
5875248.608981933 8092061.580425462
5862130.445873893 8101569.755226987
5730528.087064303 8195184.842228740
5649074.831376143 8251542.897484371
5566732.057762302 8307316.076988607
5520627.415332620 8338026.112790750
5504736.596287385 8348525.667995865
5490150.413678614 8358125.076294929
5231308.360090381 8522524.182613837
5229429.139874433 8523677.311118372
5207909.398377770 8536842.823707299
5146131.070902924 8574225.379998337
5067182.088088642 8621117.846660484
5036610.007544370 8639014.197831657
5006528.547078496 8656481.821930660
4964412.176976240 8680703.812622014
4927763.818587875 8701560.242881445
4901661.467939183 8716290.609517979
4900726.272986126 8716816.372150974
4865130.191890174 8736733.554403020
4808106.791590728 8768244.748017797
4806121.627157653 8769333.000542549
4730252.506236155 8810489.088674391
4694649.343412121 8829511.438821891
4668582.530403771 8843321.959149795
4639493.037834712 8858617.883841705
4578722.747455773 8890180.136760270
4571458.283669962 8893917.859170036
4533396.825199180 8913378.626554975
4372310.612075130 8993492.341646219
4332556.818365277 9012710.858291861
4306146.455911906 9025359.118320633
4244054.926055869 9054722.628900511
4038725.375827149 9148152.894864937
3949552.930521014 9187003.686923975
3937585.956633122 9192139.103231464
3930952.921530748 9194977.683164360
3907181.984845663 9205103.649927272
3742619.385870222 9273230.530713350
3722329.041397757 9281393.798683548
3622849.693953927 9320674.033630740
3526097.017247235 9357705.042647846
3374920.610286230 9413283.940438028
3364615.445246373 9416972.282724386
3284167.735949280 9445329.372990493
3243686.290520277 9459307.723817553
3231821.790433737 9463367.926420283
3197633.968894680 9474974.473674426
3143228.390704024 9493161.701302094
2955429.161234969 9553294.811225660
2931573.271513347 9560642.302636823
2910458.371565592 9567091.306550995
2903507.882691748 9569203.004824650
2866328.183696081 9580405.323128300
2844990.534698721 9586763.433985960
2841442.305945649 9587815.660739155
2690801.018825355 9631178.221214769
2689208.258089357 9631623.024642555
2597925.551956430 9656644.662086643
2523405.600257612 9676385.062209789
2429558.437790406 9700373.681624524
2233725.175307369 9747331.707112534
2220876.384779630 9750267.247197747
2164331.009603729 9762974.642975850
2151577.219038178 9765793.288025796
2150029.668128536 9766134.110803777
2143886.371687044 9767484.488409463
2058229.808593930 9785892.523919201
2029902.603738571 9791807.701889642
2021005.481817711 9793647.873565586
1986067.651613675 9800792.746671138
1985315.177059268 9800945.180894691
1971382.754570646 9803757.075402088
1842497.105771947 9828794.771541273
1826706.171594921 9831741.819027374
1801035.506889872 9836476.688053558
1796823.508852837 9837246.954578890
1642439.711426259 9864197.572323000
1629087.866504673 9866411.477069184
1594737.997898496 9872021.710943494
1443963.647529306 9895199.373174442
1390636.915706667 9902834.494699420
1301754.385766468 9914909.870964989
1251604.486258846 9921365.208876504
1125051.608028107 9936511.478498133
1116082.433180349 9937522.899722289
1075401.455319476 9942007.476796193
1060329.631981529 9943626.187901605
1032118.224264084 9946594.068924900
1020838.837841754 9947757.992184071
1016099.418116907 9948243.198285403
989226.597547001 9950951.272057459
984808.848674509 9951389.465474235
981547.163449294 9951711.724020440
798362.865279770 9968079.923701977
751739.478099970 9971704.396393405
741256.524193943 9972489.110151138
678322.265791653 9976967.474369835
670534.476485457 9977493.864827329
551116.749462318 9984802.001920501
523596.169480528 9986282.972971275
497005.764504418 9987641.652768362
450697.285583820 9989838.468750088
448661.805513891 9989930.077822456
438110.451031262 9990398.352164989
437156.260461457 9990440.159164542
431374.096182282 9990691.499040395
415462.664231999 9991365.810346397
372295.341703057 9993067.431883391
358445.593835432 9993573.798319723
322469.951124610 9994799.304355521
248028.750533349 9996923.618364781
239979.623716056 9997120.087115387
179379.914708616 9998390.991219079
130583.856936557 9999147.357483737
102435.285216599 9999475.318993906
99718.755331594 9999502.795072403
93566.274609939 9999562.253379811
58290.749089849 9999830.100260241
53999.185880535 9999854.204477362
-1840.106603065 9999999.821072401
-130061.429351938 9999154.129246540
-151792.049170897 9998847.873168753
-177636.390152154 9998422.124209519
-190716.083496868 9998181.192475868
-209413.785157220 9997807.037579857
-258064.298804115 9996669.560798541
-271456.442917248 9996314.886957994
-296250.421422483 9995610.806783909
-353545.869591603 9993748.282914564
-377772.815090790 9992861.806706671
-395329.651477145 9992182.634021763
-409433.018849188 9991614.661931816
-569856.649596289 9983749.933081148
-610634.279105306 9981338.832933391
-674176.910772164 9977248.346745027
-727306.203979962 9973516.175342251
-731242.979801260 9973228.296410153
-779051.347637325 9969607.731699811
-814932.408204860 9966738.889320251
-833629.690578681 9965192.470276689
-875309.358948330 9961617.994348176
-953262.747657223 9954460.786401577
-1002427.642037282 9949630.018317940
-1021072.912727780 9947733.898968853
-1099558.717555660 9939364.645319590
-1118233.139541430 9937281.002800453
-1132101.771509459 9935710.562031422
-1154054.455834601 9933184.650821099
-1180751.807719351 9930046.517862651
-1181191.943580464 9929994.169262022
-1207079.488077301 9926880.574592672
-1208339.799195125 9926727.254404830
-1286703.116110360 9916874.206139859
-1294218.885535650 9915896.152805893
-1299205.768269889 9915243.956280423
-1301685.033768825 9914918.832323434
-1364781.160980445 9906430.808721416
-1378548.042952004 9904524.440458788
-1446416.940935436 9894840.918715935
-1503310.332302151 9886357.079080733
-1547815.038381706 9879487.199057240
-1548836.120690423 9879327.151976580
-1774257.061141609 9841341.942294581
-1780223.748785868 9840264.351784442
-1872855.742139542 9823055.059364101
-1897012.446675238 9818418.563984392
-2083304.636436469 9780584.909114854
-2133154.954030270 9769833.629293770
-2182085.359412368 9759021.611870449
-2201916.724039189 9754566.154937688
-2208838.902752851 9753001.023031119
-2266936.234243307 9739661.100046907
-2407972.744910465 9705754.284560962
-2489119.781163623 9685261.026891273
-2541649.073300510 9671608.889758129
-2602819.296483517 9655326.508272648
-2617357.134396119 9651395.747876555
-2654111.804635165 9641353.000328429
-2720146.883298387 9622930.893069984
-2749742.976034664 9614515.684051126
-2812682.499627976 9596291.732787466
-2888206.878008491 9573831.968573015
-2926847.946788959 9562089.695937509
-2968289.289089430 9549306.608079661
-2985842.343093657 9543832.681135399
-3050751.006894794 9523282.840390455
-3065763.915850841 9518460.450224863
-3090562.794794615 9510437.419458603
-3165952.761948469 9485607.017223787
-3166624.809119708 9485382.681902982
-3222606.870285931 9466509.556790033
-3281070.632495955 9446405.336560875
-3284668.681049024 9445154.802293835
-3302447.723849379 9438953.168399885
-3359080.179980698 9418947.846726669
-3419310.010171133 9397250.486457037
-3561274.625114319 9344373.781848663
-3572162.244281148 9340217.053056808
-3672823.862548448 9301094.658901097
-3708876.130788346 9286777.362022270
-3824282.990226656 9239851.618836997
-3862194.037883156 9224069.269872643
-3868421.584382213 9221459.318587067
-3899414.597534464 9208396.324394172
-3994230.577041998 9167667.085422017
-4009006.284560512 9161215.289468911
-4069182.329354541 9134645.691603325
-4143538.583656140 9101158.423756227
-4165322.051879494 9091209.432758115
-4168310.699590279 9089839.580871277
-4200333.418740748 9075086.509465516
-4205674.309822383 9072612.654394671
-4281370.440173589 9037138.008194827
-4406244.796445512 8976915.051116299
-4423643.308680333 8968354.139225703
-4436765.266038341 8961869.826525530
-4440725.412044648 8959908.170330765
-4445328.471045055 8957625.318864509
-4458302.531928040 8951175.113726337
-4472446.801122345 8944116.323524430
-4558504.897518283 8900563.466826098
-4575265.035294428 8891959.645081053
-4599142.453124773 8879633.138235522
-4634102.530460256 8861438.385656768
-4723876.122878441 8813908.850499509
-4767256.891481506 8790520.859066721
-4782253.519928374 8782371.405529894
-4827866.166248262 8757379.980682727
-4898331.290908781 8718161.945503371
-4978110.149850515 8672855.038669305
-4984562.514354380 8669148.327206733
-4989894.668244499 8666080.235010384
-5080404.338268789 8613331.922887497
-5101584.269152256 8600804.231732160
-5143226.451631492 8575967.375082778
-5222370.522429909 8528003.351550661
-5230594.388432578 8522961.861783499
-5356746.391484650 8444244.426988469
-5360361.459976695 8441949.981925497
-5419218.646776834 8404288.423907792
-5558158.745779816 8313054.015539284
-5576833.571302980 8300537.453430980
-5605730.415671928 8281049.536184712
-5612705.783382559 8276323.414179995
-5717403.558710565 8204345.935213671
-5719696.809612854 8202747.372305136
-5939101.770379432 8045313.228491725
-6025444.658424466 7980852.807886306
-6028358.661322868 7978651.870872234
-6089741.338409624 7931900.487180558
-6143642.233709335 7890225.250320571
-6176123.181281997 7864826.587833691
-6190913.636760488 7853189.307996988
-6203829.677588855 7842989.937240352
-6241946.171445272 7812688.605053269
-6276589.605107444 7784883.944732869
-6331648.359356149 7740169.434395838
-6373859.935241528 7705446.340206370
-6477972.036492005 7618127.879582960
-6501194.677540164 7598319.635982938
-6568836.386983290 7539919.210116709
-6575624.388162022 7534000.071746076
-6613693.851845836 7500603.080048146
-6628395.115713395 7487614.551865188
-6637234.600922321 7479780.041289268
-6689154.422100864 7433384.554889598
-6733599.947619492 7393147.204594684
-6753442.023585787 7375026.400374264
-6780068.328928912 7350555.428196388
-6801614.327689240 7330623.194310035
-6844594.921122997 7290508.481676140
-6845269.445188986 7289875.059214163
-6958621.787570365 7181752.955127516
-6975497.471644813 7165363.136869204
-6997202.245508749 7144169.121478995
-7012789.606177160 7128869.160008431
-7092457.670995035 7049612.505016339
-7105802.318711032 7036161.334737061
-7121022.204394664 7020757.447576339
-7121720.176607784 7020049.517506884
-7137139.512081640 7004372.365360849
-7147597.219352333 6993700.484677438
-7189097.264794997 6951033.856073917
-7207995.414968453 6931435.223501166
-7217744.571982882 6921282.836382007
-7221000.180849370 6917886.104427137
-7274203.210790463 6861921.017589161
-7279010.423189891 6856821.442634121
-7315695.173637755 6817667.940153248
-7358277.897112312 6771686.539027452
-7374054.805509231 6754502.822245673
-7387735.350399712 6739536.927205579
-7389592.601820888 6737500.520798047
-7421236.752405385 6702629.126789054
-7421916.256349368 6701876.600856115
-7423492.580378834 6700130.568220208
-7457656.114146611 6662083.530208940
-7486269.420051883 6629914.199627121
-7530833.246181892 6579250.863241824
-7532193.005224755 6577694.182875010
-7549537.547493894 6557779.641477607
-7556130.649246064 6550181.758049229
-7621619.900933772 6473862.921230955
-7627619.286633099 6466793.290978037
-7687238.856189700 6395807.325689011
-7701171.140782129 6379024.559795891
-7766531.872669901 6299283.657917945
-7776281.991409291 6287243.422382123
-7786698.950156200 6274337.484495492
-7789261.202807732 6271156.223838640
-7816047.088392734 6237739.821125514
-7827968.627875235 6222772.581117307
-7859052.941495717 6183468.058835228
-7868180.120337757 6171850.049826089
-7916535.320738801 6109702.067055587
-7985611.751164109 6019135.817527201
-8039784.418510969 5946583.645860568
-8041686.245410483 5944011.447576846
-8043043.491452718 5942174.861202254
-8103403.213846874 5859594.400663261
-8220603.536486174 5694002.710120798
-8222917.615932791 5690660.423016548
-8230310.055876387 5679963.490199079
-8235042.544801108 5673100.045087040
-8245014.056138826 5658598.165623511
-8283712.549343254 5601793.921141689
-8292700.563945722 5588479.908548721
-8294471.417645683 5585851.218413505
-8302566.926464120 5573811.293723977
-8350209.447644780 5502180.643258421
-8366733.110413979 5477021.722703763
-8407044.123631749 5414942.215371221
-8496227.675253853 5273907.791664945
-8520797.745270165 5234118.323224653
-8545099.563723033 5194349.040744824
-8555818.215181816 5176674.934383484
-8573155.472311398 5147911.722799047
-8598170.880502822 5106020.535252204
-8600391.463750456 5102279.312807898
-8625368.161786187 5059941.919274397
-8638542.158826021 5037417.825388714
-8653709.992636936 5011316.420042425
-8681103.416109098 4963711.516827668
-8721649.397706592 4892118.156036669
-8793113.448717641 4762472.547031325
-8806970.384194706 4736798.656463738
-8815214.104812946 4721439.240871681
-8817137.397837058 4717846.549405050
-8831861.422558706 4690225.102540754
-8860497.539074086 4635900.230915396
-8878903.246861551 4600550.594116519
-8883689.290274912 4591301.707032111
-8909666.581523331 4540686.027812568
-8912355.618928045 4535405.677439421
-8929119.808312587 4502311.304594015
-8956687.735953959 4447216.284695157
-8957882.467034440 4444809.393474687
-9001369.572418140 4356068.545634946
-9004805.502981514 4348961.464079071
-9034214.518614855 4287534.858912460
-9035421.122992508 4284991.513506661
-9068372.145899341 4214808.812685489
-9092806.728197407 4161832.780172592
-9126765.274209445 4086825.506875869
-9132135.696689317 4074810.933035526
-9140550.920231108 4055898.975701129
-9144040.694052419 4048024.943492029
-9144618.334070215 4046719.893992289
-9163627.682453541 4003487.793472709
-9184068.970128320 3956370.055304377
-9192761.954646273 3936129.297085091
-9243700.442157406 3814968.985980764
-9246532.985113859 3808098.488213717
-9256136.580179667 3784695.649161659
-9275379.256711569 3737288.437470483
-9300695.967337936 3673832.001990769
-9307723.094820185 3655991.936760959
-9310103.347770810 3649926.103470792
-9312346.989392260 3644198.049933104
-9317020.328024322 3632233.213423691
-9331153.371993935 3595770.013141044
-9374882.762026215 3480166.599428182
-9375530.020098317 3478422.522759966
-9386137.541619362 3449696.804329945
-9400419.249723729 3410587.013561844
-9411394.626916312 3380182.860764126
-9411417.929032357 3380117.996280265
-9413615.143496877 3373993.884978904
-9428759.204413675 3331438.945610656
-9445218.468233315 3284483.721745332
-9451682.090746883 3265837.077687312
-9454231.565123660 3258449.120690763
-9481052.809008760 3179563.180530076
-9486191.777306227 3164198.386120385
-9503158.018571842 3112872.080947740
-9523095.680482101 3051333.202011035
-9527082.081466259 3038863.547649215
-9544240.156241382 2984537.616961393
-9555742.806958593 2947501.182297507
-9564792.685608331 2918000.443326202
-9566098.561238769 2913716.370110700
-9594910.852118313 2817387.238247066
-9607880.171571977 2772836.717177047
-9608488.562219875 2770727.583743555
-9610806.094011230 2762678.066443247
-9612039.649031492 2758383.232784197
-9617653.427533749 2738745.392445629
-9631267.270223010 2690478.684403894
-9634095.545262301 2680333.519134982
-9636053.180969277 2673287.127413312
-9641479.980669763 2653647.979979107
-9652686.887523169 2612588.886109689
-9662974.345679067 2574278.778733283
-9668274.813264726 2554299.514456766
-9681295.893772908 2504494.689520983
-9683424.719607990 2496251.079866662
-9689314.128113830 2473292.371255433
-9694874.047751730 2451407.833314062
-9705191.265752519 2410237.709825953
-9709620.650624925 2392331.769570725
-9716309.797165554 2365017.506743599
-9717086.800447129 2361822.946087818
-9718138.889920086 2357490.088257528
-9734737.341308260 2287984.457689151
-9747174.548460189 2234406.344100996
-9753730.018399619 2205614.189095252
-9756261.426224135 2194389.665185538
-9765359.980246091 2153538.219031377
-9794010.727415495 2019241.593381738
-9803513.414164601 1972588.924833318
-9804157.527719855 1969385.175316534
-9805950.424196128 1960438.665447851
-9809674.165375590 1941719.777539386
-9810268.119449684 1938716.900725082
-9813583.530055830 1921863.813457320
-9821696.516411392 1879962.690170789
-9824892.732386554 1863186.957151952
-9832817.908970805 1820899.475992013
-9844586.552050985 1756160.027306693
-9857590.671593083 1681632.696577664
-9858812.902218716 1674452.227564552
-9859693.309801970 1669260.410095134
-9861927.190161688 1656011.464029947
-9862106.442350117 1654943.808833908
-9874316.284445113 1580461.930990913
-9876367.595066885 1567591.786047364
-9876791.529282318 1564919.030310154
-9877394.630557792 1561107.990588093
-9883494.385139499 1522012.064751047
-9888002.941671757 1492440.802439300
-9896424.214707529 1435538.187362468
-9897270.292951737 1429693.350399148
-9899466.460851524 1414406.709173799
-9901735.383040875 1398434.094392963
-9903436.197834987 1386337.717294936
-9911229.875927730 1329475.296129437
-9913624.043876229 1311502.765897818
-9916325.217903949 1290920.876583041
-9918372.309927622 1275097.176396663
-9921744.385371061 1248586.797695180
-9928176.007885035 1196370.772640642
-9931667.758797502 1167029.008012824
-9936222.220975712 1127594.484002128
-9937388.936632646 1117265.805116071
-9938386.784376634 1108354.526981485
-9941642.853552904 1078758.157257786
-9950242.840834647 996317.612776012
-9953770.343799993 960435.736478453
-9958131.319630744 914112.697130512
-9960437.204593759 888635.036226273
-9960850.714012342 883987.504925726
-9964209.034773413 845292.185470341
-9968024.680724524 799040.169796382
-9968379.186739011 794605.245015496
-9969278.431166897 783242.410464083
-9970507.124110630 767442.919168821
-9975720.220045265 696410.239985921
-9976199.041506419 689516.410301253
-9976262.106908938 688603.546146686
-9976337.264817081 687513.878411841
-9980563.644228093 623161.266160823
-9981090.620260572 614662.991277587
-9982209.201819710 596221.629642583
-9982429.742597578 592517.414863604
-9982619.357414605 589314.283841523
-9983598.821946014 572481.329814492
-9984248.725372929 561033.038193412
-9984384.818461187 558605.045657888
-9984796.106780581 551204.854801068
-9985140.818565117 544925.007557463
-9986370.474745292 521905.459534609
-9987084.195090974 508064.414089436
-9987211.871060830 505548.424787357
-9987884.063697109 492090.177292240
-9989851.644872427 450382.474865777
-9990345.981898027 439280.900127477
-9991745.362369383 406207.880900453
-9992296.026233736 392428.764467003
-9992423.328209966 389173.766898719
-9993117.624619260 370918.188291198
-9993185.745536814 369078.685726732
-9993626.309009781 356950.312203158
-9993848.843874326 350664.841684575
-9994461.970331496 332731.366076118
-9994561.731959987 329721.036601545
-9994800.843953345 322391.507658609
-9994803.365804341 322313.226119751
-9995822.933018522 288970.848908677
-9996073.893851927 280155.357432414
-9996251.895793352 273730.317065354
-9996667.537191760 258105.133668866
-9996887.368492384 249445.177903835
-9996906.248425787 248687.886043766
-9997008.672627127 244535.429772849
-9997033.661993438 243512.042353126
-9997309.517690605 231910.242822856
-9997371.473741125 229224.447434211
-9998049.134311717 197467.915476580
-9998278.137765586 185510.716986858
-9999066.009711238 136597.934367510
-9999496.276799032 100269.607164281
-9999512.041967455 98684.775240119
-9999521.715171972 97700.442286608
-9999713.937996726 75505.606596748
-9999913.883569581 41252.635986389
